Interval  Time                Result V            Result X            Width               Error Est.          
1         0.030081359190322   0.999547590031436   0.030076822671737   0.031121876534777   0.000000000000322   
2         0.061203235725100   0.998127666533745   0.061165033304867   0.031121876534777   0.000000000000716   
3         0.092325112259877   0.995741063354844   0.092194006029970   0.031121876534777   0.000000000001110   
4         0.123446988794654   0.992390091903261   0.123133689503449   0.031121876534777   0.000000000001505   
5         0.154568865329431   0.988077997571469   0.153954118857722   0.031121876534777   0.000000000001899   
6         0.185690741864208   0.982808956592742   0.184625444721990   0.031121876534777   0.000000000002293   
7         0.216812618398985   0.976588071996508   0.215117962131144   0.032284372723240   0.000000000002687   
8         0.249096991122225   0.969135434642807   0.246528921866215   0.032284372723240   0.000000000003179   
9         0.281381363845465   0.960672773841492   0.277682951576117   0.032284372723240   0.000000000003670   
10        0.313665736568705   0.951208909294673   0.308547582836550   0.032284372723240   0.000000000004161   
11        0.345950109291945   0.940753704149188   0.339090648831442   0.032284372723240   0.000000000004653   
12        0.378234482015185   0.929318054717329   0.369280317876889   0.032284372723240   0.000000000005144   
13        0.410518854738424   0.916913879120805   0.399085126595821   0.033587902122965   0.000000000005635   
14        0.444106756861390   0.902994808902608   0.429651457682485   0.033587902122965   0.000000000006259   
15        0.477694658984355   0.888057123416194   0.459733124261101   0.033587902122965   0.000000000006882   
16        0.511282561107321   0.872117672984910   0.489296192975054   0.033587902122965   0.000000000007505   
17        0.544870463230286   0.855194437964142   0.518307315467444   0.033587902122965   0.000000000008128   
18        0.578458365353252   0.837306508458739   0.546733765999398   0.034850439540097   0.000000000008751   
19        0.613308804893349   0.817748028020588   0.575576374305714   0.034850439540097   0.000000000009528   
20        0.648159244433446   0.797196449672261   0.603719985274329   0.034850439540097   0.000000000010306   
21        0.683009683973543   0.775676731871389   0.631130420453838   0.034850439540097   0.000000000011083   
22        0.717860123513641   0.753215008813401   0.657774391783663   0.036041590535837   0.000000000011861   
23        0.753901714049477   0.729023747028772   0.684488404763234   0.036041590535837   0.000000000012812   
24        0.789943304585314   0.703885588641400   0.710313366120325   0.036041590535837   0.000000000013763   
25        0.825984895121151   0.677833184489989   0.735215732958324   0.036041590535837   0.000000000014715   
26        0.862026485656987   0.650900372886512   0.759163160697708   0.036041590535837   0.000000000015666   
27        0.898068076192824   0.623122135665118   0.782124545086986   0.036041590535837   0.000000000016618   
28        0.934109666728661   0.594534552745788   0.804070062602630   0.036041590535837   0.000000000017569   
29        0.970151257264497   0.565174755271724   0.824971209185525   0.036041590535837   0.000000000018520   
30        1.006192847800334   0.535080877381354   0.844800837263630   0.036041590535837   0.000000000019471   
31        1.042234438336171   0.504292006677591   0.863533191012752   0.036041590535837   0.000000000020423   
32        1.078276028872007   0.472848133458684   0.881143939809646   0.036041590535837   0.000000000021374   
33        1.114317619407844   0.440790098776587   0.897610209833980   0.036041590535837   0.000000000022326   
34        1.150359209943681   0.408159541390335   0.912910613778126   0.036041590535837   0.000000000023277   
35        1.186400800479517   0.374998843683301   0.927025278626187   0.036041590535837   0.000000000024228   
36        1.222442391015354   0.341351076614606   0.939935871466171   0.036041590535837   0.000000000025180   
37        1.258483981551191   0.307259943776151   0.951625623301803   0.036041590535837   0.000000000026131   
38        1.294525572087027   0.272769724627970   0.962079350833027   0.036041590535837   0.000000000027083   
39        1.330567162622864   0.237925216985598   0.971283476176920   0.036041590535837   0.000000000028034   
40        1.366608753158701   0.202771678834179   0.979226044503404   0.036041590535837   0.000000000028985   
41        1.402650343694537   0.167354769544874   0.985896739562844   0.036041590535837   0.000000000029936   
42        1.434290492543288   0.136082292052203   0.990697536970516   0.031640148848750   0.000000000030371   
43        1.465930641392039   0.104673594075340   0.994506630783598   0.031640148848750   0.000000000030807   
44        1.497570790240789   0.073160116207929   0.997320208040126   0.031640148848750   0.000000000031242   
45        1.529210939089540   0.041573403929911   0.999135452305644   0.031640148848750   0.000000000031677   
46        1.560851087938290   0.009945076030006   0.999950546492498   0.031640148848750   0.000000000032113   
47        1.592491236787041   -0.021693207045183  0.999764674678770   0.031640148848750   0.000000000032548   
48        1.624131385635791   -0.053309774883768  0.998578022925028   0.031640148848750   0.000000000032984   
49        1.655771534484542   -0.084872978811150  0.996391779088077   0.031640148848750   0.000000000033419   
50        1.687411683333292   -0.116351223570830  0.993208131631893   0.031640148848750   0.000000000033855   
51        1.719051832182043   -0.147712998951757  0.989030267436941   0.031640148848750   0.000000000034290   
52        1.750691981030793   -0.178926911330532  0.983862368610056   0.031640148848750   0.000000000034726   
53        1.782332129879544   -0.209961715096914  0.977709608298088   0.031640148848750   0.000000000035161   
54        1.813972278728295   -0.240786343931158  0.970578145509505   0.031640148848750   0.000000000035597   
55        1.845612427577045   -0.271369941901888  0.962475118949126   0.031640148848750   0.000000000036032   
56        1.877252576425796   -0.301681894353357  0.953408639872171   0.032871738391161   0.000000000036467   
57        1.910124314816956   -0.332853473226152  0.942978560373603   0.032871738391161   0.000000000037015   
58        1.942996053208117   -0.363665419269711  0.931529636023365   0.032871738391161   0.000000000037563   
59        1.975867791599278   -0.394084441597142  0.919074236856283   0.032871738391161   0.000000000038111   
60        2.008739529990439   -0.424077673857508  0.905625820356811   0.032871738391161   0.000000000038658   
61        2.041611268381600   -0.453612709746405  0.891198916918843   0.034023418055186   0.000000000039206   
62        2.075634686436786   -0.483665969249204  0.875252666462862   0.034023418055186   0.000000000039879   
63        2.109658104491972   -0.513159394432103  0.858293327403589   0.034023418055186   0.000000000040552   
64        2.143681522547158   -0.542058847206675  0.840340529859024   0.034023418055186   0.000000000041226   
65        2.177704940602345   -0.570330876996453  0.821415053856793   0.034023418055186   0.000000000041898   
66        2.211728358657531   -0.597942759455349  0.801538805281660   0.035365297883976   0.000000000042572   
67        2.247093656541507   -0.625909623717478  0.779895597432390   0.035365297883976   0.000000000043421   
68        2.282458954425484   -0.653093741713666  0.757277072470950   0.035365297883976   0.000000000044270   
69        2.317824252309460   -0.679461117694293  0.733711516535281   0.035365297883976   0.000000000045119   
70        2.353189550193436   -0.704978777306021  0.709228400095582   0.036654474070363   0.000000000045968   
71        2.389844024263799   -0.730495816167943  0.682917171049396   0.036654474070363   0.000000000047021   
72        2.426498498334162   -0.755031506916603  0.655688511044056   0.036654474070363   0.000000000048074   
73        2.463152972404525   -0.778552888303915  0.627578999062673   0.036654474070363   0.000000000049126   
74        2.499807446474888   -0.801028361705036  0.598626397424945   0.036654474070363   0.000000000050179   
75        2.536461920545251   -0.822427733567960  0.568869601057252   0.036654474070363   0.000000000051231   
76        2.573116394615614   -0.842722255975539  0.538348585241212   0.036654474070363   0.000000000052284   
77        2.609770868685977   -0.861884665265431  0.507104351910886   0.036654474070363   0.000000000053336   
78        2.646425342756340   -0.879889218656112  0.475178874570775   0.036654474070363   0.000000000054389   
79        2.683079816826702   -0.896711728829724  0.442615041908615   0.036654474070363   0.000000000055441   
80        2.719734290897065   -0.912329596425324  0.409456600178713   0.036654474070363   0.000000000056494   
81        2.756388764967428   -0.926721840398863  0.375748094433223   0.036654474070363   0.000000000057546   
82        2.793043239037791   -0.939869126209120  0.341534808680324   0.036654474070363   0.000000000058599   
83        2.829697713108154   -0.951753791791734  0.306862705049678   0.036654474070363   0.000000000059652   
84        2.866352187178517   -0.962359871286410  0.271778362046909   0.036654474070363   0.000000000060704   
85        2.903006661248880   -0.971673116485466  0.236328911980030   0.036654474070363   0.000000000061757   
86        2.935095562593049   -0.978755128424339  0.205032676714776   0.032088901344169   0.000000000062231   
87        2.967184463937218   -0.984829405044233  0.173525337912125   0.032088901344169   0.000000000062705   
88        2.999273365281387   -0.989889692213847  0.141839335819078   0.032088901344169   0.000000000063179   
89        3.031362266625556   -0.993930779814779  0.110007294636009   0.032088901344169   0.000000000063653   
90        3.063451167969725   -0.996948507105916  0.078061988926486   0.032088901344169   0.000000000064126   
91        3.095540069313894   -0.998939767007372  0.046036309872282   0.032088901344169   0.000000000064600   
92        3.127628970658063   -0.999902509299564  0.013963231408306   0.032088901344169   0.000000000065074   
93        3.159717872002232   -0.999835742734136  -0.018124223727663  0.032088901344169   0.000000000065548   
94        3.191806773346401   -0.998739536054562  -0.050193017995491  0.032088901344169   0.000000000066022   
95        3.223895674690570   -0.996615017925364  -0.082210133068445  0.032088901344169   0.000000000066496   
96        3.255984576034739   -0.993464375770026  -0.114142603829171  0.032088901344169   0.000000000066969   
97        3.288073477378908   -0.989290853518809  -0.145957552310879  0.032088901344169   0.000000000067443   
98        3.320162378723077   -0.984098748268766  -0.177622221548802  0.032088901344169   0.000000000067917   
99        3.352251280067246   -0.977893405859410  -0.209104009307073  0.032088901344169   0.000000000068391   
100       3.384340181411415   -0.970681215368593  -0.240370501646282  0.032088901344169   0.000000000068865   
101       3.416429082755584   -0.962469602534250  -0.271389506297174  0.032088901344169   0.000000000069339   
102       3.448517984099753   -0.953267022108789  -0.302129085806100  0.032088901344169   0.000000000069813   
103       3.480606885443922   -0.943082949154001  -0.332557590418120  0.032088901344169   0.000000000070286   
104       3.512695786788091   -0.931927869285450  -0.362643690663881  0.033311571862832   0.000000000070760   
105       3.546007358650923   -0.919332857857433  -0.393480744627143  0.033311571862832   0.000000000071353   
106       3.579318930513755   -0.905717793109189  -0.423881208799676  0.033311571862832   0.000000000071946   
107       3.612630502376587   -0.891097781747589  -0.453811352096867  0.033311571862832   0.000000000072539   
108       3.645942074239419   -0.875489045526273  -0.483237965282493  0.033311571862832   0.000000000073132   
109       3.679253646102251   -0.858908903246664  -0.512128397816297  0.034528821379084   0.000000000073725   
110       3.713782467481335   -0.840717265150595  -0.541474357659940  0.034528821379084   0.000000000074460   
111       3.748311288860419   -0.821523390300735  -0.570174814520591  0.034528821379084   0.000000000075196   
112       3.782840110239504   -0.801350160119438  -0.598195553979316  0.034528821379084   0.000000000075931   
113       3.817368931618588   -0.780221623539168  -0.625503171922604  0.034528821379084   0.000000000076666   
114       3.851897752997672   -0.758162968333262  -0.652065114364122  0.035973994491912   0.000000000077402   
115       3.887871747489584   -0.734220113507163  -0.678911500008055  0.035973994491912   0.000000000078342   
116       3.923845741981496   -0.709327186136602  -0.704879381829435  0.035973994491912   0.000000000079283   
117       3.959819736473408   -0.683516397388793  -0.729935157682120  0.035973994491912   0.000000000080224   
118       3.995793730965321   -0.656821146133218  -0.754046405674798  0.035973994491912   0.000000000081164   
119       4.031767725457233   -0.629275975723863  -0.777181926124556  0.035973994491912   0.000000000082105   
120       4.067741719949145   -0.600916529300517  -0.799311781928914  0.035973994491912   0.000000000083046   
121       4.103715714441058   -0.571779503666941  -0.820407337304098  0.035973994491912   0.000000000083986   
122       4.139689708932970   -0.541902601805626  -0.840441294839423  0.035973994491912   0.000000000084927   
123       4.175663703424882   -0.511324484090552  -0.859387730819834  0.035973994491912   0.000000000085868   
124       4.211637697916794   -0.480084718261108  -0.877222128770897  0.035973994491912   0.000000000086808   
125       4.247611692408706   -0.448223728221874  -0.893921411182848  0.035973994491912   0.000000000087749   
126       4.283585686900619   -0.415782741734554  -0.909463969372623  0.035973994491912   0.000000000088690   
127       4.319559681392531   -0.382803737069711  -0.923829691445254  0.035973994491912   0.000000000089631   
128       4.355533675884443   -0.349329388687361  -0.936999988318433  0.035973994491912   0.000000000090571   
129       4.391507670376355   -0.315403012016703  -0.948957817776575  0.035973994491912   0.000000000091512   
130       4.427481664868267   -0.281068507406442  -0.959687706523253  0.035973994491912   0.000000000092453   
131       4.463455659360180   -0.246370303318232  -0.969175770203470  0.035973994491912   0.000000000093394   
132       4.499429653852092   -0.211353298836749  -0.977409731369854  0.035973994491912   0.000000000094334   
133       4.535403648344004   -0.176062805570782  -0.984378935369541  0.035973994491912   0.000000000095275   
134       4.571377642835916   -0.140544489020522  -0.990074364131172  0.035973994491912   0.000000000096215   
135       4.602810867345364   -0.109358957284437  -0.994002323118526  0.031433224509448   0.000000000096634   
136       4.634244091854812   -0.078065382589260  -0.996948241356661  0.031433224509448   0.000000000097053   
137       4.665677316364261   -0.046694681930684  -0.998909208377779  0.031433224509448   0.000000000097471   
138       4.697110540873709   -0.015277848502245  -0.999883286812642  0.031433224509448   0.000000000097890   
139       4.728543765383157   0.016154078924897   -0.999869514304632  0.031433224509448   0.000000000098308   
140       4.759976989892605   0.047570046667223   -0.998867904460520  0.031433224509448   0.000000000098727   
141       4.791410214402053   0.078939016808843   -0.996879446837032  0.031433224509448   0.000000000099146   
142       4.822843438911502   0.110229997865912   -0.993906105963192  0.031433224509448   0.000000000099564   
143       4.854276663420950   0.141412075405166   -0.989950819399439  0.031433224509448   0.000000000099983   
144       4.885709887930398   0.172454442586343   -0.985017494835413  0.031433224509448   0.000000000100402   
145       4.917143112439846   0.203326430598299   -0.979111006229291  0.031433224509448   0.000000000100820   
146       4.948576336949294   0.233997538958760   -0.972237188992483  0.031433224509448   0.000000000101239   
147       4.980009561458743   0.264437465647769   -0.964402834224437  0.032614315721951   0.000000000101657   
148       5.012623877180694   0.295744600572818   -0.955267047023943  0.032614315721951   0.000000000102180   
149       5.045238192902645   0.326737181746196   -0.945115238456058  0.032614315721951   0.000000000102702   
150       5.077852508624597   0.357382245480103   -0.933958205977320  0.032614315721951   0.000000000103224   
151       5.110466824346548   0.387647197706048   -0.921807816199722  0.032614315721951   0.000000000103747   
152       5.143081140068499   0.417499848641875   -0.908676992269389  0.033731385573119   0.000000000104269   
153       5.176812525641618   0.447907475994040   -0.894079914126103  0.033731385573119   0.000000000104908   
154       5.210543911214737   0.477805519686358   -0.878465642613132  0.033731385573119   0.000000000105548   
155       5.244275296787856   0.507159964759618   -0.861851942063622  0.033731385573119   0.000000000106187   
156       5.278006682360974   0.535937414705938   -0.844257713859630  0.033731385573119   0.000000000106826   
157       5.311738067934093   0.564105129463922   -0.825702974928046  0.035019421710648   0.000000000107466   
158       5.346757489644742   0.592668997720986   -0.805446124226900  0.035019421710648   0.000000000108266   
159       5.381776911355391   0.620506114764297   -0.784201607643755  0.035019421710648   0.000000000109067   
160       5.416796333066039   0.647582345758599   -0.761995475939276  0.035019421710648   0.000000000109867   
161       5.451815754776688   0.673864488893415   -0.738854959039830  0.036241447308352   0.000000000110667   
162       5.488057202085040   0.700193307913536   -0.713953311807887  0.036241447308352   0.000000000111651   
163       5.524298649393391   0.725602563940388   -0.688114030586865  0.036241447308352   0.000000000112634   
164       5.560540096701743   0.750058887029894   -0.661371050072392  0.036241447308352   0.000000000113618   
165       5.596781544010095   0.773530158723612   -0.633759491787242  0.036241447308352   0.000000000114601   
166       5.633022991318446   0.795985554229858   -0.605315617956287  0.036241447308352   0.000000000115584   
167       5.669264438626798   0.817395582905875   -0.576076783883361  0.036241447308352   0.000000000116568   
168       5.705505885935150   0.837732126987852   -0.546081388892588  0.036241447308352   0.000000000117551   
169       5.741747333243501   0.856968478517949   -0.515368825898596  0.036241447308352   0.000000000118535   
170       5.777988780551853   0.875079374419824   -0.483979429671852  0.036241447308352   0.000000000119518   
171       5.814230227860205   0.892041029676602   -0.451954423867059  0.036241447308352   0.000000000120501   
172       5.850471675168556   0.907831168567706   -0.419335866884183  0.036241447308352   0.000000000121485   
173       5.886713122476908   0.922429053923530   -0.386166596633205  0.036241447308352   0.000000000122468   
174       5.922954569785260   0.935815514359545   -0.352490174275153  0.036241447308352   0.000000000123452   
175       5.959196017093611   0.947972969454048   -0.318350827013280  0.036241447308352   0.000000000124435   
176       5.995437464401963   0.958885452836510   -0.283793390009534  0.036241447308352   0.000000000125418   
177       6.031678911710315   0.968538633156189   -0.248863247502599  0.036241447308352   0.000000000126402   
178       6.067920359018666   0.976919832903478   -0.213606273204827  0.036241447308352   0.000000000127385   
179       6.104161806327018   0.984018045059261   -0.178068770056350  0.036241447308352   0.000000000128369   
180       6.135846433212681   0.989165249418238   -0.146806366396515  0.031684626885663   0.000000000128808   
181       6.167531060098344   0.993319498446742   -0.115396593867693  0.031684626885663   0.000000000129247   
182       6.199215686984006   0.996476621978345   -0.083870982591956  0.031684626885663   0.000000000129686   
183       6.230900313869669   0.998633450792695   -0.052261178973967  0.031684626885663   0.000000000130126   
184       6.262584940755332   0.999787819796882   -0.020598913933323  0.031684626885663   0.000000000130565   
185       6.283185307180000   0.999999999934701   -0.000000004529058  0.031684626885663   0.000000000130598   
