1         0.785398163375000   0.214601836589738   
2         0.845957297511018   0.154042702451001   
3         0.880118987888687   0.119881012071798   
4         0.901882281281927   0.098117718677582   
5         0.916941934148641   0.083058065810192   
6         0.927982686802724   0.072017313155613   
7         0.936425766113381   0.063574233844577   
8         0.943092733798635   0.056907266159023   
9         0.948491487734322   0.051508512223094   
10        0.952952951375447   0.047047048581769   
11        0.956702019514882   0.043297980442165   
12        0.959896900504451   0.040103099452453   
13        0.962652144300740   0.037347855656040   
14        0.965052740195439   0.034947259761233   
15        0.967163080516280   0.032836919440297   
16        0.969032847532287   0.030967152424206   
17        0.970700989479707   0.029299010476712   
18        0.972198472491044   0.027801527465308   
19        0.973550226807306   0.026449773148985   
20        0.974776549787295   0.025223450168941   
21        0.975894134796103   0.024105865160083   
22        0.976916837449139   0.023083162507000   
23        0.977856254265132   0.022143745690965   
24        0.978722165224724   0.021277834731335   
25        0.979522876180406   0.020477123775617   
26        0.980265486604746   0.019734513351244   
27        0.980956101009231   0.019043898946727   
28        0.981599997394790   0.018400002561140   
29        0.982201762590985   0.017798237364917   
30        0.982765401838082   0.017234598117795   
31        0.983294428156422   0.016705571799431   
32        0.983791935723991   0.016208064231840   
33        0.984260660504689   0.015739339451121   
34        0.984703030639474   0.015296969316316   
35        0.985121208562181   0.014878791393591   
36        0.985517126383563   0.014482873572191   
37        0.985892515766532   0.014107484189205   
38        0.986248933268037   0.013751066687684   
39        0.986587781930479   0.013412218025227   
40        0.986910329754717   0.013089670200974   
41        0.987217725567857   0.012782274387820   
42        0.987511012704667   0.012488987250997   
43        0.987791140846249   0.012208859109402   
44        0.988058976299218   0.011941023656421   
45        0.988315310949917   0.011684689005711   
46        0.988560870088772   0.011439129866845   
47        0.988796319267700   0.011203680687906   
48        0.989022270327183   0.010977729628413   
49        0.989239286708006   0.010760713247580   
50        0.989447888144790   0.010552111810787   
51        0.989648554823682   0.010351445131886   
52        0.989841731074242   0.010158268881318   
53        0.990027828655297   0.009972171300254   
54        0.990207229685940   0.009792770269603   
55        0.990380289265574   0.009619710689961   
56        0.990547337820853   0.009452662134675   
57        0.990708683212139   0.009291316743382   
58        0.990864612627765   0.009135387327749   
59        0.991015394290618   0.008984605664888   
60        0.991161278998395   0.008838720957105   
61        0.991302501516130   0.008697498439364   
62        0.991439281837284   0.008560718118203   
63        0.991571826327632   0.008428173627850   
64        0.991700328764461   0.008299671191015   
65        0.991824971282108   0.008175028673363   
66        0.991945925233517   0.008054074721948   
67        0.992063351976413   0.007936647979046   
68        0.992177403591660   0.007822596363795   
69        0.992288223540539   0.007711776414911   
70        0.992395947266931   0.007604052688514   
71        0.992500702749694   0.007499297205746   
72        0.992602611010003   0.007397388945433   
73        0.992701786577857   0.007298213377574   
74        0.992798337921552   0.007201662033875   
75        0.992892367843497   0.007107632111925   
76        0.992983973845412   0.007016026110006   
77        0.993073248465642   0.006926751489772   
78        0.993160279591029   0.006839720364381   
79        0.993245150745563   0.006754849209843   
80        0.993327941357803   0.006672058597600   
81        0.993408727008857   0.006591272946543   
82        0.993487579662566   0.006512420292830   
83        0.993564567879358   0.006435432076034   
84        0.993639757015100   0.006360242940289   
85        0.993713209406171   0.006286790549214   
86        0.993784984541864   0.006215015413518   
87        0.993855139225090   0.006144860730290   
88        0.993923727722335   0.006076272233041   
89        0.993990801903677   0.006009198051697   
90        0.994056411373622   0.005943588581748   
91        0.994120603593475   0.005879396361893   
92        0.994183423995847   0.005816575959517   
93        0.994244916091913   0.005755083863449   
94        0.994305121571923   0.005694878383436   
95        0.994364080399482   0.005635919555875   
96        0.994421830900019   0.005578169055335   
97        0.994478409843882   0.005521590111470   
98        0.994533852524418   0.005466147430931   
99        0.994588192831402   0.005411807123945   
100       0.994641463320123   0.005358536635221   
