Interval            Result V            Result X            Error V             Error X             Width               
31                  0.540302306338560   0.841470984496835   0.000000000870662   0.000000000369664   0.032258064516129   
100                 0.540302305872511   0.841470984805065   0.000000000008090   0.000000000003365   0.010000000000000   
316                 0.540302305868183   0.841470984807868   0.000000000000080   0.000000000000034   0.003164556962025   
1000                0.540302305868142   0.841470984807899   0.000000000000005   0.000000000000003   0.001000000000000   
3162                0.540302305868142   0.841470984807900   0.000000000000005   0.000000000000004   0.000316255534472   
10000               0.540302305868138   0.841470984807903   0.000000000000003   0.000000000000007   0.000100000000000   
31622               0.540302305868130   0.841470984807865   0.000000000000019   0.000000000000037   0.000031623553222   
100000              0.540302305868127   0.841470984807863   0.000000000000024   0.000000000000040   0.000010000000000   
316227              0.540302305868045   0.841470984807821   0.000000000000176   0.000000000000090   0.000003162285320   
1000000             0.540302305867943   0.841470984807827   0.000000000000364   0.000000000000083   0.000001000000000   
3162277             0.540302305868301   0.841470984808366   0.000000000000298   0.000000000000558   0.000000316227832   
10000000            0.540302305868184   0.841470984808301   0.000000000000081   0.000000000000481   0.000000100000000   
31622776            0.540302305868115   0.841470984808077   0.000000000000046   0.000000000000215   0.000000031622777   
100000000           0.540302305867744   0.841470984807472   0.000000000000733   0.000000000000505   0.000000010000000   
