Interval  Result V            Result X            
1         1.000000000000000   0.000000000000000   
2         1.000000000000000   0.000000000000000   
3         1.000000000000000   0.000000000000000   
4         1.000000000000000   0.000000000000000   
5         1.000000000000000   0.000000000000000   
6         1.000000000000000   0.000000000000000   
7         1.000000000000000   0.000000000000000   
8         1.000000000000000   0.000000000000000   
9         1.000000000000000   0.000000000000000   
10        1.000000000000000   0.000000000000000   
11        1.000000000000000   0.000000000000000   
12        1.000000000000000   0.000000000000000   
13        1.000000000000000   0.000000000000000   
14        1.000000000000000   0.000000000000000   
15        1.000000000000000   0.000000000000000   
16        1.000000000000000   0.000000000000000   
17        1.000000000000000   0.000000000000000   
18        1.000000000000000   0.000000000000000   
19        1.000000000000000   0.000000000000000   
20        1.000000000000000   0.000000000000000   
21        1.000000000000000   0.000000000000000   
22        1.000000000000000   0.000000000000000   
23        1.000000000000000   0.000000000000000   
24        1.000000000000000   0.000000000000000   
25        1.000000000000000   0.000000000000000   
26        1.000000000000000   0.000000000000000   
27        1.000000000000000   0.000000000000000   
28        1.000000000000000   0.000000000000000   
29        0.540302306482007   0.841470984401164   
30        0.540302306404331   0.841470984452999   
31        0.540302306338560   0.841470984496835   
32        0.540302306282572   0.841470984534107   
33        0.540302306234671   0.841470984565960   
34        0.540302306193495   0.841470984593313   
35        0.540302306157942   0.841470984616907   
36        0.540302306127115   0.841470984637346   
37        0.540302306100280   0.841470984655121   
38        0.540302306076833   0.841470984670642   
39        0.540302306056273   0.841470984684240   
40        0.540302306038183   0.841470984696194   
41        0.540302306022216   0.841470984706739   
42        0.540302306008080   0.841470984716069   
43        0.540302305995529   0.841470984724345   
44        0.540302305984355   0.841470984731713   
45        0.540302305974378   0.841470984738285   
46        0.540302305965449   0.841470984744162   
47        0.540302305957439   0.841470984749433   
48        0.540302305950238   0.841470984754171   
49        0.540302305943746   0.841470984758437   
50        0.540302305937885   0.841470984762288   
51        0.540302305932580   0.841470984765772   
52        0.540302305927770   0.841470984768930   
53        0.540302305923401   0.841470984771796   
54        0.540302305919425   0.841470984774405   
55        0.540302305915800   0.841470984776782   
56        0.540302305912490   0.841470984778952   
57        0.540302305909462   0.841470984780935   
58        0.540302305906688   0.841470984782752   
59        0.540302305904144   0.841470984784419   
60        0.540302305901805   0.841470984785949   
61        0.540302305899653   0.841470984787356   
62        0.540302305897673   0.841470984788654   
63        0.540302305895842   0.841470984789849   
64        0.540302305894152   0.841470984790953   
65        0.540302305892590   0.841470984791975   
66        0.540302305891142   0.841470984792919   
67        0.540302305889801   0.841470984793797   
68        0.540302305888556   0.841470984794610   
69        0.540302305887399   0.841470984795365   
70        0.540302305886324   0.841470984796067   
71        0.540302305885321   0.841470984796722   
72        0.540302305884387   0.841470984797332   
73        0.540302305883515   0.841470984797900   
74        0.540302305882701   0.841470984798429   
75        0.540302305881941   0.841470984798926   
76        0.540302305881230   0.841470984799389   
77        0.540302305880565   0.841470984799825   
78        0.540302305879939   0.841470984800231   
79        0.540302305879353   0.841470984800613   
80        0.540302305878805   0.841470984800970   
81        0.540302305878287   0.841470984801306   
82        0.540302305877800   0.841470984801623   
83        0.540302305877343   0.841470984801919   
84        0.540302305876916   0.841470984802201   
85        0.540302305876509   0.841470984802465   
86        0.540302305876125   0.841470984802714   
87        0.540302305875766   0.841470984802948   
88        0.540302305875426   0.841470984803170   
89        0.540302305875103   0.841470984803379   
90        0.540302305874800   0.841470984803577   
91        0.540302305874513   0.841470984803764   
92        0.540302305874240   0.841470984803942   
93        0.540302305873980   0.841470984804108   
94        0.540302305873737   0.841470984804267   
95        0.540302305873505   0.841470984804419   
96        0.540302305873285   0.841470984804560   
97        0.540302305873077   0.841470984804697   
98        0.540302305872879   0.841470984804825   
99        0.540302305872690   0.841470984804949   
100       0.540302305872511   0.841470984805065   
101       0.540302305872340   0.841470984805175   
102       0.540302305872178   0.841470984805281   
103       0.540302305872024   0.841470984805381   
104       0.540302305871875   0.841470984805475   
105       0.540302305871737   0.841470984805567   
106       0.540302305871603   0.841470984805653   
107       0.540302305871475   0.841470984805737   
108       0.540302305871353   0.841470984805815   
109       0.540302305871236   0.841470984805891   
110       0.540302305871124   0.841470984805963   
111       0.540302305871019   0.841470984806032   
112       0.540302305870918   0.841470984806097   
113       0.540302305870821   0.841470984806161   
114       0.540302305870730   0.841470984806223   
115       0.540302305870639   0.841470984806279   
116       0.540302305870556   0.841470984806335   
117       0.540302305870474   0.841470984806387   
118       0.540302305870397   0.841470984806439   
119       0.540302305870321   0.841470984806485   
120       0.540302305870248   0.841470984806533   
121       0.540302305870180   0.841470984806576   
122       0.540302305870111   0.841470984806618   
123       0.540302305870049   0.841470984806659   
124       0.540302305869989   0.841470984806700   
125       0.540302305869929   0.841470984806737   
126       0.540302305869874   0.841470984806773   
127       0.540302305869822   0.841470984806809   
128       0.540302305869769   0.841470984806843   
129       0.540302305869720   0.841470984806876   
130       0.540302305869673   0.841470984806907   
131       0.540302305869626   0.841470984806936   
132       0.540302305869581   0.841470984806965   
133       0.540302305869537   0.841470984806992   
134       0.540302305869495   0.841470984807018   
135       0.540302305869457   0.841470984807044   
136       0.540302305869419   0.841470984807070   
137       0.540302305869381   0.841470984807094   
138       0.540302305869346   0.841470984807116   
139       0.540302305869312   0.841470984807140   
140       0.540302305869280   0.841470984807161   
141       0.540302305869247   0.841470984807182   
142       0.540302305869215   0.841470984807200   
143       0.540302305869186   0.841470984807222   
144       0.540302305869156   0.841470984807239   
145       0.540302305869129   0.841470984807256   
146       0.540302305869102   0.841470984807274   
147       0.540302305869077   0.841470984807290   
148       0.540302305869052   0.841470984807309   
149       0.540302305869028   0.841470984807323   
150       0.540302305869003   0.841470984807338   
151       0.540302305868981   0.841470984807353   
152       0.540302305868959   0.841470984807366   
153       0.540302305868938   0.841470984807380   
154       0.540302305868917   0.841470984807394   
155       0.540302305868898   0.841470984807408   
156       0.540302305868876   0.841470984807418   
157       0.540302305868859   0.841470984807431   
158       0.540302305868841   0.841470984807442   
159       0.540302305868824   0.841470984807454   
160       0.540302305868808   0.841470984807467   
161       0.540302305868791   0.841470984807476   
162       0.540302305868775   0.841470984807487   
163       0.540302305868759   0.841470984807496   
164       0.540302305868744   0.841470984807507   
165       0.540302305868730   0.841470984807515   
166       0.540302305868718   0.841470984807524   
167       0.540302305868701   0.841470984807533   
168       0.540302305868689   0.841470984807543   
169       0.540302305868678   0.841470984807549   
170       0.540302305868665   0.841470984807558   
171       0.540302305868651   0.841470984807564   
172       0.540302305868639   0.841470984807575   
173       0.540302305868627   0.841470984807581   
174       0.540302305868616   0.841470984807587   
175       0.540302305868606   0.841470984807596   
176       0.540302305868597   0.841470984807604   
177       0.540302305868585   0.841470984807609   
178       0.540302305868575   0.841470984807616   
179       0.540302305868566   0.841470984807621   
180       0.540302305868557   0.841470984807627   
181       0.540302305868546   0.841470984807632   
182       0.540302305868537   0.841470984807639   
183       0.540302305868531   0.841470984807647   
184       0.540302305868523   0.841470984807650   
185       0.540302305868513   0.841470984807655   
186       0.540302305868505   0.841470984807660   
187       0.540302305868497   0.841470984807664   
188       0.540302305868491   0.841470984807670   
189       0.540302305868482   0.841470984807672   
190       0.540302305868474   0.841470984807679   
191       0.540302305868468   0.841470984807685   
192       0.540302305868461   0.841470984807690   
193       0.540302305868455   0.841470984807693   
194       0.540302305868448   0.841470984807696   
195       0.540302305868443   0.841470984807699   
196       0.540302305868436   0.841470984807707   
197       0.540302305868430   0.841470984807708   
198       0.540302305868423   0.841470984807712   
199       0.540302305868418   0.841470984807717   
200       0.540302305868412   0.841470984807720   
201       0.540302305868408   0.841470984807723   
202       0.540302305868402   0.841470984807727   
203       0.540302305868397   0.841470984807731   
204       0.540302305868393   0.841470984807733   
205       0.540302305868387   0.841470984807737   
206       0.540302305868382   0.841470984807738   
207       0.540302305868377   0.841470984807743   
208       0.540302305868375   0.841470984807747   
209       0.540302305868368   0.841470984807750   
210       0.540302305868364   0.841470984807754   
211       0.540302305868358   0.841470984807755   
212       0.540302305868357   0.841470984807756   
213       0.540302305868351   0.841470984807758   
214       0.540302305868350   0.841470984807762   
215       0.540302305868345   0.841470984807765   
216       0.540302305868342   0.841470984807767   
217       0.540302305868339   0.841470984807769   
218       0.540302305868333   0.841470984807772   
219       0.540302305868332   0.841470984807775   
220       0.540302305868327   0.841470984807774   
221       0.540302305868323   0.841470984807779   
222       0.540302305868320   0.841470984807781   
223       0.540302305868318   0.841470984807783   
224       0.540302305868315   0.841470984807786   
225       0.540302305868310   0.841470984807785   
226       0.540302305868307   0.841470984807788   
227       0.540302305868303   0.841470984807790   
228       0.540302305868303   0.841470984807792   
229       0.540302305868299   0.841470984807793   
230       0.540302305868296   0.841470984807794   
231       0.540302305868294   0.841470984807799   
232       0.540302305868291   0.841470984807799   
233       0.540302305868287   0.841470984807802   
234       0.540302305868285   0.841470984807802   
235       0.540302305868286   0.841470984807804   
236       0.540302305868281   0.841470984807804   
237       0.540302305868275   0.841470984807805   
238       0.540302305868276   0.841470984807809   
239       0.540302305868273   0.841470984807809   
240       0.540302305868269   0.841470984807812   
241       0.540302305868268   0.841470984807813   
242       0.540302305868269   0.841470984807817   
243       0.540302305868265   0.841470984807817   
244       0.540302305868264   0.841470984807817   
245       0.540302305868260   0.841470984807818   
246       0.540302305868259   0.841470984807818   
247       0.540302305868257   0.841470984807822   
248       0.540302305868256   0.841470984807824   
249       0.540302305868255   0.841470984807822   
250       0.540302305868252   0.841470984807824   
251       0.540302305868251   0.841470984807824   
252       0.540302305868248   0.841470984807828   
253       0.540302305868246   0.841470984807827   
254       0.540302305868243   0.841470984807829   
255       0.540302305868244   0.841470984807828   
256       0.540302305868241   0.841470984807833   
257       0.540302305868239   0.841470984807832   
258       0.540302305868239   0.841470984807834   
259       0.540302305868237   0.841470984807833   
260       0.540302305868236   0.841470984807835   
261       0.540302305868235   0.841470984807836   
262       0.540302305868234   0.841470984807835   
263       0.540302305868233   0.841470984807839   
264       0.540302305868229   0.841470984807838   
265       0.540302305868228   0.841470984807839   
266       0.540302305868226   0.841470984807842   
267       0.540302305868225   0.841470984807840   
268       0.540302305868224   0.841470984807842   
269       0.540302305868223   0.841470984807843   
270       0.540302305868221   0.841470984807841   
271       0.540302305868221   0.841470984807843   
272       0.540302305868221   0.841470984807845   
273       0.540302305868219   0.841470984807847   
274       0.540302305868215   0.841470984807847   
275       0.540302305868218   0.841470984807849   
276       0.540302305868215   0.841470984807849   
277       0.540302305868214   0.841470984807850   
278       0.540302305868213   0.841470984807849   
279       0.540302305868212   0.841470984807851   
280       0.540302305868212   0.841470984807851   
281       0.540302305868210   0.841470984807849   
282       0.540302305868210   0.841470984807850   
283       0.540302305868207   0.841470984807851   
284       0.540302305868206   0.841470984807852   
285       0.540302305868206   0.841470984807853   
286       0.540302305868206   0.841470984807857   
287       0.540302305868205   0.841470984807854   
288       0.540302305868203   0.841470984807856   
289       0.540302305868203   0.841470984807858   
290       0.540302305868201   0.841470984807857   
291       0.540302305868201   0.841470984807857   
292       0.540302305868200   0.841470984807858   
293       0.540302305868198   0.841470984807858   
294       0.540302305868197   0.841470984807860   
295       0.540302305868194   0.841470984807859   
296       0.540302305868196   0.841470984807860   
297       0.540302305868198   0.841470984807862   
298       0.540302305868196   0.841470984807860   
299       0.540302305868198   0.841470984807861   
300       0.540302305868194   0.841470984807861   
301       0.540302305868192   0.841470984807860   
302       0.540302305868193   0.841470984807862   
303       0.540302305868194   0.841470984807867   
304       0.540302305868193   0.841470984807863   
305       0.540302305868192   0.841470984807864   
306       0.540302305868189   0.841470984807864   
307       0.540302305868186   0.841470984807866   
308       0.540302305868188   0.841470984807865   
309       0.540302305868189   0.841470984807866   
310       0.540302305868190   0.841470984807865   
311       0.540302305868187   0.841470984807867   
312       0.540302305868187   0.841470984807866   
313       0.540302305868185   0.841470984807868   
314       0.540302305868184   0.841470984807866   
315       0.540302305868186   0.841470984807868   
316       0.540302305868183   0.841470984807868   
317       0.540302305868185   0.841470984807867   
318       0.540302305868181   0.841470984807869   
319       0.540302305868180   0.841470984807868   
320       0.540302305868179   0.841470984807868   
321       0.540302305868180   0.841470984807868   
322       0.540302305868182   0.841470984807869   
323       0.540302305868178   0.841470984807871   
324       0.540302305868176   0.841470984807872   
325       0.540302305868178   0.841470984807873   
326       0.540302305868179   0.841470984807871   
327       0.540302305868180   0.841470984807872   
328       0.540302305868177   0.841470984807872   
329       0.540302305868178   0.841470984807873   
330       0.540302305868177   0.841470984807872   
331       0.540302305868175   0.841470984807871   
332       0.540302305868178   0.841470984807874   
333       0.540302305868177   0.841470984807873   
334       0.540302305868177   0.841470984807875   
335       0.540302305868177   0.841470984807874   
336       0.540302305868178   0.841470984807877   
337       0.540302305868173   0.841470984807873   
338       0.540302305868174   0.841470984807879   
339       0.540302305868174   0.841470984807876   
340       0.540302305868172   0.841470984807873   
341       0.540302305868173   0.841470984807874   
342       0.540302305868170   0.841470984807874   
343       0.540302305868173   0.841470984807877   
344       0.540302305868173   0.841470984807877   
345       0.540302305868171   0.841470984807878   
346       0.540302305868171   0.841470984807876   
347       0.540302305868171   0.841470984807876   
348       0.540302305868169   0.841470984807875   
349       0.540302305868169   0.841470984807877   
350       0.540302305868168   0.841470984807878   
351       0.540302305868168   0.841470984807876   
352       0.540302305868170   0.841470984807879   
353       0.540302305868167   0.841470984807874   
354       0.540302305868167   0.841470984807877   
355       0.540302305868167   0.841470984807880   
356       0.540302305868164   0.841470984807879   
357       0.540302305868166   0.841470984807879   
358       0.540302305868166   0.841470984807878   
359       0.540302305868165   0.841470984807880   
360       0.540302305868166   0.841470984807877   
361       0.540302305868168   0.841470984807880   
362       0.540302305868166   0.841470984807881   
363       0.540302305868164   0.841470984807879   
364       0.540302305868165   0.841470984807882   
365       0.540302305868164   0.841470984807883   
366       0.540302305868166   0.841470984807882   
367       0.540302305868162   0.841470984807882   
368       0.540302305868165   0.841470984807882   
369       0.540302305868166   0.841470984807882   
370       0.540302305868163   0.841470984807881   
371       0.540302305868162   0.841470984807880   
372       0.540302305868163   0.841470984807880   
373       0.540302305868161   0.841470984807881   
374       0.540302305868161   0.841470984807883   
375       0.540302305868162   0.841470984807883   
376       0.540302305868164   0.841470984807885   
377       0.540302305868160   0.841470984807884   
378       0.540302305868161   0.841470984807882   
379       0.540302305868161   0.841470984807884   
380       0.540302305868164   0.841470984807880   
381       0.540302305868162   0.841470984807884   
382       0.540302305868161   0.841470984807882   
383       0.540302305868159   0.841470984807883   
384       0.540302305868160   0.841470984807883   
385       0.540302305868158   0.841470984807882   
386       0.540302305868158   0.841470984807885   
387       0.540302305868156   0.841470984807884   
388       0.540302305868161   0.841470984807884   
389       0.540302305868157   0.841470984807884   
390       0.540302305868158   0.841470984807886   
391       0.540302305868158   0.841470984807881   
392       0.540302305868157   0.841470984807884   
393       0.540302305868158   0.841470984807884   
394       0.540302305868159   0.841470984807885   
395       0.540302305868159   0.841470984807886   
396       0.540302305868158   0.841470984807884   
397       0.540302305868159   0.841470984807886   
398       0.540302305868157   0.841470984807886   
399       0.540302305868154   0.841470984807883   
400       0.540302305868157   0.841470984807887   
401       0.540302305868156   0.841470984807889   
402       0.540302305868159   0.841470984807888   
403       0.540302305868158   0.841470984807888   
404       0.540302305868155   0.841470984807885   
405       0.540302305868153   0.841470984807883   
406       0.540302305868152   0.841470984807886   
407       0.540302305868155   0.841470984807883   
408       0.540302305868155   0.841470984807885   
409       0.540302305868158   0.841470984807888   
410       0.540302305868157   0.841470984807887   
411       0.540302305868151   0.841470984807886   
412       0.540302305868152   0.841470984807885   
413       0.540302305868153   0.841470984807887   
414       0.540302305868155   0.841470984807886   
415       0.540302305868157   0.841470984807884   
416       0.540302305868156   0.841470984807886   
417       0.540302305868155   0.841470984807890   
418       0.540302305868156   0.841470984807890   
419       0.540302305868154   0.841470984807886   
420       0.540302305868154   0.841470984807887   
421       0.540302305868154   0.841470984807887   
422       0.540302305868150   0.841470984807890   
423       0.540302305868153   0.841470984807884   
424       0.540302305868154   0.841470984807891   
425       0.540302305868153   0.841470984807888   
426       0.540302305868155   0.841470984807886   
427       0.540302305868155   0.841470984807894   
428       0.540302305868149   0.841470984807886   
429       0.540302305868151   0.841470984807891   
430       0.540302305868153   0.841470984807892   
431       0.540302305868152   0.841470984807888   
432       0.540302305868154   0.841470984807887   
433       0.540302305868153   0.841470984807890   
434       0.540302305868155   0.841470984807889   
435       0.540302305868153   0.841470984807892   
436       0.540302305868151   0.841470984807888   
437       0.540302305868150   0.841470984807887   
438       0.540302305868147   0.841470984807886   
439       0.540302305868154   0.841470984807888   
440       0.540302305868149   0.841470984807891   
441       0.540302305868151   0.841470984807890   
442       0.540302305868148   0.841470984807886   
443       0.540302305868154   0.841470984807889   
444       0.540302305868156   0.841470984807891   
445       0.540302305868148   0.841470984807888   
446       0.540302305868151   0.841470984807892   
447       0.540302305868148   0.841470984807890   
448       0.540302305868154   0.841470984807889   
449       0.540302305868151   0.841470984807892   
450       0.540302305868151   0.841470984807888   
451       0.540302305868154   0.841470984807889   
452       0.540302305868151   0.841470984807890   
453       0.540302305868150   0.841470984807889   
454       0.540302305868149   0.841470984807890   
455       0.540302305868147   0.841470984807891   
456       0.540302305868150   0.841470984807891   
457       0.540302305868147   0.841470984807892   
458       0.540302305868149   0.841470984807889   
459       0.540302305868149   0.841470984807888   
460       0.540302305868148   0.841470984807886   
461       0.540302305868150   0.841470984807890   
462       0.540302305868152   0.841470984807895   
463       0.540302305868149   0.841470984807890   
464       0.540302305868147   0.841470984807893   
465       0.540302305868149   0.841470984807891   
466       0.540302305868151   0.841470984807891   
467       0.540302305868150   0.841470984807893   
468       0.540302305868151   0.841470984807890   
469       0.540302305868146   0.841470984807891   
470       0.540302305868148   0.841470984807889   
471       0.540302305868146   0.841470984807888   
472       0.540302305868146   0.841470984807888   
473       0.540302305868149   0.841470984807893   
474       0.540302305868147   0.841470984807889   
475       0.540302305868149   0.841470984807891   
476       0.540302305868147   0.841470984807893   
477       0.540302305868147   0.841470984807892   
478       0.540302305868150   0.841470984807894   
479       0.540302305868147   0.841470984807889   
480       0.540302305868150   0.841470984807890   
481       0.540302305868150   0.841470984807894   
482       0.540302305868148   0.841470984807891   
483       0.540302305868148   0.841470984807893   
484       0.540302305868147   0.841470984807892   
485       0.540302305868148   0.841470984807891   
486       0.540302305868147   0.841470984807892   
487       0.540302305868148   0.841470984807891   
488       0.540302305868146   0.841470984807891   
489       0.540302305868146   0.841470984807891   
490       0.540302305868145   0.841470984807889   
491       0.540302305868148   0.841470984807891   
492       0.540302305868150   0.841470984807894   
493       0.540302305868146   0.841470984807892   
494       0.540302305868146   0.841470984807890   
495       0.540302305868146   0.841470984807893   
496       0.540302305868145   0.841470984807893   
497       0.540302305868144   0.841470984807892   
498       0.540302305868152   0.841470984807893   
499       0.540302305868146   0.841470984807894   
500       0.540302305868147   0.841470984807894   
501       0.540302305868146   0.841470984807893   
502       0.540302305868146   0.841470984807893   
503       0.540302305868148   0.841470984807895   
504       0.540302305868147   0.841470984807893   
505       0.540302305868146   0.841470984807892   
506       0.540302305868146   0.841470984807891   
507       0.540302305868144   0.841470984807887   
508       0.540302305868148   0.841470984807896   
509       0.540302305868147   0.841470984807892   
510       0.540302305868144   0.841470984807894   
511       0.540302305868147   0.841470984807895   
512       0.540302305868145   0.841470984807892   
513       0.540302305868144   0.841470984807893   
514       0.540302305868145   0.841470984807893   
515       0.540302305868146   0.841470984807892   
516       0.540302305868147   0.841470984807892   
517       0.540302305868145   0.841470984807895   
518       0.540302305868143   0.841470984807893   
519       0.540302305868146   0.841470984807896   
520       0.540302305868145   0.841470984807894   
521       0.540302305868144   0.841470984807889   
522       0.540302305868148   0.841470984807894   
523       0.540302305868146   0.841470984807893   
524       0.540302305868143   0.841470984807892   
525       0.540302305868146   0.841470984807892   
526       0.540302305868146   0.841470984807892   
527       0.540302305868144   0.841470984807892   
528       0.540302305868145   0.841470984807894   
529       0.540302305868148   0.841470984807896   
530       0.540302305868147   0.841470984807893   
531       0.540302305868143   0.841470984807892   
532       0.540302305868147   0.841470984807893   
533       0.540302305868145   0.841470984807893   
534       0.540302305868144   0.841470984807894   
535       0.540302305868143   0.841470984807890   
536       0.540302305868148   0.841470984807891   
537       0.540302305868145   0.841470984807892   
538       0.540302305868144   0.841470984807891   
539       0.540302305868146   0.841470984807895   
540       0.540302305868146   0.841470984807894   
541       0.540302305868148   0.841470984807894   
542       0.540302305868144   0.841470984807894   
543       0.540302305868143   0.841470984807895   
544       0.540302305868148   0.841470984807895   
545       0.540302305868144   0.841470984807893   
546       0.540302305868144   0.841470984807894   
547       0.540302305868149   0.841470984807894   
548       0.540302305868142   0.841470984807891   
549       0.540302305868148   0.841470984807894   
550       0.540302305868144   0.841470984807897   
551       0.540302305868148   0.841470984807894   
552       0.540302305868144   0.841470984807893   
553       0.540302305868147   0.841470984807895   
554       0.540302305868145   0.841470984807897   
555       0.540302305868145   0.841470984807894   
556       0.540302305868145   0.841470984807890   
557       0.540302305868144   0.841470984807894   
558       0.540302305868142   0.841470984807892   
559       0.540302305868141   0.841470984807892   
560       0.540302305868147   0.841470984807894   
561       0.540302305868147   0.841470984807892   
562       0.540302305868146   0.841470984807893   
563       0.540302305868141   0.841470984807891   
564       0.540302305868145   0.841470984807892   
565       0.540302305868145   0.841470984807896   
566       0.540302305868143   0.841470984807894   
567       0.540302305868141   0.841470984807893   
568       0.540302305868143   0.841470984807894   
569       0.540302305868144   0.841470984807893   
570       0.540302305868145   0.841470984807895   
571       0.540302305868143   0.841470984807892   
572       0.540302305868143   0.841470984807895   
573       0.540302305868143   0.841470984807892   
574       0.540302305868145   0.841470984807893   
575       0.540302305868144   0.841470984807895   
576       0.540302305868146   0.841470984807896   
577       0.540302305868145   0.841470984807895   
578       0.540302305868147   0.841470984807895   
579       0.540302305868145   0.841470984807894   
580       0.540302305868145   0.841470984807896   
581       0.540302305868140   0.841470984807892   
582       0.540302305868144   0.841470984807892   
583       0.540302305868141   0.841470984807893   
584       0.540302305868146   0.841470984807891   
585       0.540302305868147   0.841470984807890   
586       0.540302305868145   0.841470984807894   
587       0.540302305868145   0.841470984807894   
588       0.540302305868145   0.841470984807892   
589       0.540302305868144   0.841470984807894   
590       0.540302305868144   0.841470984807889   
591       0.540302305868142   0.841470984807897   
592       0.540302305868149   0.841470984807892   
593       0.540302305868145   0.841470984807895   
594       0.540302305868143   0.841470984807893   
595       0.540302305868145   0.841470984807895   
596       0.540302305868142   0.841470984807897   
597       0.540302305868142   0.841470984807892   
598       0.540302305868141   0.841470984807894   
599       0.540302305868142   0.841470984807894   
600       0.540302305868144   0.841470984807894   
601       0.540302305868140   0.841470984807892   
602       0.540302305868144   0.841470984807898   
603       0.540302305868143   0.841470984807894   
604       0.540302305868143   0.841470984807893   
605       0.540302305868144   0.841470984807895   
606       0.540302305868143   0.841470984807895   
607       0.540302305868146   0.841470984807898   
608       0.540302305868142   0.841470984807894   
609       0.540302305868142   0.841470984807896   
610       0.540302305868145   0.841470984807896   
611       0.540302305868143   0.841470984807899   
612       0.540302305868143   0.841470984807897   
613       0.540302305868140   0.841470984807893   
614       0.540302305868144   0.841470984807893   
615       0.540302305868145   0.841470984807894   
616       0.540302305868144   0.841470984807893   
617       0.540302305868142   0.841470984807893   
618       0.540302305868142   0.841470984807896   
619       0.540302305868145   0.841470984807895   
620       0.540302305868147   0.841470984807897   
621       0.540302305868140   0.841470984807894   
622       0.540302305868142   0.841470984807891   
623       0.540302305868142   0.841470984807892   
624       0.540302305868141   0.841470984807897   
625       0.540302305868142   0.841470984807895   
626       0.540302305868145   0.841470984807896   
627       0.540302305868145   0.841470984807893   
628       0.540302305868139   0.841470984807895   
629       0.540302305868139   0.841470984807892   
630       0.540302305868142   0.841470984807894   
631       0.540302305868141   0.841470984807896   
632       0.540302305868144   0.841470984807892   
633       0.540302305868143   0.841470984807896   
634       0.540302305868141   0.841470984807893   
635       0.540302305868143   0.841470984807896   
636       0.540302305868140   0.841470984807895   
637       0.540302305868144   0.841470984807894   
638       0.540302305868143   0.841470984807896   
639       0.540302305868144   0.841470984807898   
640       0.540302305868144   0.841470984807897   
641       0.540302305868141   0.841470984807896   
642       0.540302305868140   0.841470984807893   
643       0.540302305868142   0.841470984807896   
644       0.540302305868138   0.841470984807893   
645       0.540302305868143   0.841470984807897   
646       0.540302305868142   0.841470984807896   
647       0.540302305868139   0.841470984807894   
648       0.540302305868146   0.841470984807899   
649       0.540302305868140   0.841470984807896   
650       0.540302305868143   0.841470984807897   
651       0.540302305868143   0.841470984807892   
652       0.540302305868144   0.841470984807898   
653       0.540302305868144   0.841470984807891   
654       0.540302305868144   0.841470984807894   
655       0.540302305868140   0.841470984807897   
656       0.540302305868140   0.841470984807896   
657       0.540302305868139   0.841470984807894   
658       0.540302305868141   0.841470984807896   
659       0.540302305868140   0.841470984807890   
660       0.540302305868144   0.841470984807896   
661       0.540302305868143   0.841470984807893   
662       0.540302305868142   0.841470984807897   
663       0.540302305868142   0.841470984807895   
664       0.540302305868141   0.841470984807897   
665       0.540302305868141   0.841470984807896   
666       0.540302305868147   0.841470984807899   
667       0.540302305868141   0.841470984807896   
668       0.540302305868141   0.841470984807893   
669       0.540302305868139   0.841470984807898   
670       0.540302305868142   0.841470984807897   
671       0.540302305868138   0.841470984807894   
672       0.540302305868140   0.841470984807894   
673       0.540302305868140   0.841470984807893   
674       0.540302305868142   0.841470984807896   
675       0.540302305868141   0.841470984807895   
676       0.540302305868140   0.841470984807895   
677       0.540302305868142   0.841470984807894   
678       0.540302305868140   0.841470984807891   
679       0.540302305868143   0.841470984807893   
680       0.540302305868144   0.841470984807896   
681       0.540302305868145   0.841470984807897   
682       0.540302305868142   0.841470984807895   
683       0.540302305868146   0.841470984807898   
684       0.540302305868146   0.841470984807896   
685       0.540302305868143   0.841470984807896   
686       0.540302305868144   0.841470984807894   
687       0.540302305868142   0.841470984807897   
688       0.540302305868140   0.841470984807891   
689       0.540302305868141   0.841470984807897   
690       0.540302305868145   0.841470984807901   
691       0.540302305868141   0.841470984807892   
692       0.540302305868141   0.841470984807896   
693       0.540302305868141   0.841470984807893   
694       0.540302305868143   0.841470984807900   
695       0.540302305868139   0.841470984807894   
696       0.540302305868138   0.841470984807894   
697       0.540302305868144   0.841470984807897   
698       0.540302305868140   0.841470984807895   
699       0.540302305868145   0.841470984807899   
700       0.540302305868139   0.841470984807896   
701       0.540302305868141   0.841470984807894   
702       0.540302305868137   0.841470984807894   
703       0.540302305868140   0.841470984807895   
704       0.540302305868143   0.841470984807895   
705       0.540302305868139   0.841470984807893   
706       0.540302305868142   0.841470984807898   
707       0.540302305868143   0.841470984807896   
708       0.540302305868148   0.841470984807898   
709       0.540302305868147   0.841470984807898   
710       0.540302305868142   0.841470984807896   
711       0.540302305868142   0.841470984807897   
712       0.540302305868142   0.841470984807897   
713       0.540302305868146   0.841470984807898   
714       0.540302305868143   0.841470984807898   
715       0.540302305868139   0.841470984807895   
716       0.540302305868142   0.841470984807892   
717       0.540302305868145   0.841470984807896   
718       0.540302305868142   0.841470984807897   
719       0.540302305868139   0.841470984807895   
720       0.540302305868140   0.841470984807893   
721       0.540302305868146   0.841470984807895   
722       0.540302305868139   0.841470984807897   
723       0.540302305868144   0.841470984807901   
724       0.540302305868139   0.841470984807896   
725       0.540302305868143   0.841470984807894   
726       0.540302305868139   0.841470984807897   
727       0.540302305868143   0.841470984807893   
728       0.540302305868140   0.841470984807893   
729       0.540302305868144   0.841470984807898   
730       0.540302305868143   0.841470984807898   
731       0.540302305868141   0.841470984807895   
732       0.540302305868142   0.841470984807895   
733       0.540302305868144   0.841470984807895   
734       0.540302305868142   0.841470984807895   
735       0.540302305868141   0.841470984807892   
736       0.540302305868141   0.841470984807893   
737       0.540302305868141   0.841470984807896   
738       0.540302305868139   0.841470984807890   
739       0.540302305868141   0.841470984807895   
740       0.540302305868135   0.841470984807895   
741       0.540302305868141   0.841470984807894   
742       0.540302305868143   0.841470984807898   
743       0.540302305868140   0.841470984807897   
744       0.540302305868142   0.841470984807898   
745       0.540302305868141   0.841470984807890   
746       0.540302305868143   0.841470984807896   
747       0.540302305868141   0.841470984807896   
748       0.540302305868140   0.841470984807898   
749       0.540302305868140   0.841470984807895   
750       0.540302305868144   0.841470984807899   
751       0.540302305868141   0.841470984807898   
752       0.540302305868142   0.841470984807897   
753       0.540302305868145   0.841470984807897   
754       0.540302305868141   0.841470984807897   
755       0.540302305868139   0.841470984807898   
756       0.540302305868143   0.841470984807896   
757       0.540302305868141   0.841470984807893   
758       0.540302305868137   0.841470984807893   
759       0.540302305868140   0.841470984807895   
760       0.540302305868142   0.841470984807894   
761       0.540302305868141   0.841470984807895   
762       0.540302305868137   0.841470984807899   
763       0.540302305868142   0.841470984807895   
764       0.540302305868141   0.841470984807896   
765       0.540302305868140   0.841470984807896   
766       0.540302305868135   0.841470984807894   
767       0.540302305868141   0.841470984807896   
768       0.540302305868138   0.841470984807899   
769       0.540302305868144   0.841470984807894   
770       0.540302305868144   0.841470984807901   
771       0.540302305868145   0.841470984807894   
772       0.540302305868140   0.841470984807894   
773       0.540302305868145   0.841470984807902   
774       0.540302305868142   0.841470984807898   
775       0.540302305868135   0.841470984807897   
776       0.540302305868143   0.841470984807898   
777       0.540302305868140   0.841470984807899   
778       0.540302305868142   0.841470984807896   
779       0.540302305868140   0.841470984807899   
780       0.540302305868144   0.841470984807894   
781       0.540302305868140   0.841470984807897   
782       0.540302305868139   0.841470984807899   
783       0.540302305868139   0.841470984807898   
784       0.540302305868140   0.841470984807898   
785       0.540302305868142   0.841470984807897   
786       0.540302305868139   0.841470984807897   
787       0.540302305868142   0.841470984807894   
788       0.540302305868143   0.841470984807895   
789       0.540302305868141   0.841470984807898   
790       0.540302305868142   0.841470984807898   
791       0.540302305868146   0.841470984807895   
792       0.540302305868141   0.841470984807894   
793       0.540302305868137   0.841470984807895   
794       0.540302305868144   0.841470984807898   
795       0.540302305868140   0.841470984807898   
796       0.540302305868138   0.841470984807896   
797       0.540302305868144   0.841470984807900   
798       0.540302305868139   0.841470984807894   
799       0.540302305868140   0.841470984807898   
800       0.540302305868141   0.841470984807900   
801       0.540302305868139   0.841470984807896   
802       0.540302305868140   0.841470984807890   
803       0.540302305868138   0.841470984807894   
804       0.540302305868140   0.841470984807897   
805       0.540302305868141   0.841470984807895   
806       0.540302305868142   0.841470984807893   
807       0.540302305868142   0.841470984807896   
808       0.540302305868136   0.841470984807893   
809       0.540302305868137   0.841470984807893   
810       0.540302305868141   0.841470984807893   
811       0.540302305868140   0.841470984807897   
812       0.540302305868144   0.841470984807898   
813       0.540302305868141   0.841470984807897   
814       0.540302305868136   0.841470984807896   
815       0.540302305868144   0.841470984807895   
816       0.540302305868144   0.841470984807894   
817       0.540302305868141   0.841470984807890   
818       0.540302305868138   0.841470984807896   
819       0.540302305868143   0.841470984807898   
820       0.540302305868136   0.841470984807895   
821       0.540302305868137   0.841470984807895   
822       0.540302305868142   0.841470984807897   
823       0.540302305868142   0.841470984807896   
824       0.540302305868144   0.841470984807901   
825       0.540302305868136   0.841470984807897   
826       0.540302305868140   0.841470984807896   
827       0.540302305868140   0.841470984807891   
828       0.540302305868141   0.841470984807895   
829       0.540302305868139   0.841470984807893   
830       0.540302305868140   0.841470984807899   
831       0.540302305868141   0.841470984807893   
832       0.540302305868133   0.841470984807890   
833       0.540302305868140   0.841470984807896   
834       0.540302305868143   0.841470984807896   
835       0.540302305868139   0.841470984807893   
836       0.540302305868140   0.841470984807896   
837       0.540302305868142   0.841470984807897   
838       0.540302305868139   0.841470984807901   
839       0.540302305868145   0.841470984807898   
840       0.540302305868142   0.841470984807894   
841       0.540302305868145   0.841470984807897   
842       0.540302305868144   0.841470984807897   
843       0.540302305868138   0.841470984807899   
844       0.540302305868140   0.841470984807894   
845       0.540302305868145   0.841470984807896   
846       0.540302305868139   0.841470984807898   
847       0.540302305868142   0.841470984807898   
848       0.540302305868143   0.841470984807898   
849       0.540302305868145   0.841470984807898   
850       0.540302305868140   0.841470984807891   
851       0.540302305868142   0.841470984807897   
852       0.540302305868140   0.841470984807897   
853       0.540302305868142   0.841470984807894   
854       0.540302305868140   0.841470984807899   
855       0.540302305868144   0.841470984807897   
856       0.540302305868142   0.841470984807898   
857       0.540302305868138   0.841470984807896   
858       0.540302305868144   0.841470984807897   
859       0.540302305868144   0.841470984807895   
860       0.540302305868140   0.841470984807899   
861       0.540302305868137   0.841470984807894   
862       0.540302305868143   0.841470984807898   
863       0.540302305868145   0.841470984807898   
864       0.540302305868140   0.841470984807897   
865       0.540302305868142   0.841470984807900   
866       0.540302305868143   0.841470984807896   
867       0.540302305868140   0.841470984807897   
868       0.540302305868138   0.841470984807898   
869       0.540302305868138   0.841470984807900   
870       0.540302305868139   0.841470984807902   
871       0.540302305868141   0.841470984807895   
872       0.540302305868142   0.841470984807898   
873       0.540302305868136   0.841470984807893   
874       0.540302305868141   0.841470984807897   
875       0.540302305868141   0.841470984807896   
876       0.540302305868141   0.841470984807896   
877       0.540302305868143   0.841470984807893   
878       0.540302305868143   0.841470984807894   
879       0.540302305868141   0.841470984807894   
880       0.540302305868145   0.841470984807891   
881       0.540302305868142   0.841470984807899   
882       0.540302305868141   0.841470984807898   
883       0.540302305868142   0.841470984807895   
884       0.540302305868139   0.841470984807895   
885       0.540302305868140   0.841470984807891   
886       0.540302305868139   0.841470984807896   
887       0.540302305868142   0.841470984807898   
888       0.540302305868141   0.841470984807895   
889       0.540302305868137   0.841470984807893   
890       0.540302305868142   0.841470984807901   
891       0.540302305868140   0.841470984807896   
892       0.540302305868141   0.841470984807894   
893       0.540302305868142   0.841470984807899   
894       0.540302305868141   0.841470984807898   
895       0.540302305868137   0.841470984807897   
896       0.540302305868140   0.841470984807894   
897       0.540302305868144   0.841470984807897   
898       0.540302305868135   0.841470984807892   
899       0.540302305868138   0.841470984807895   
900       0.540302305868137   0.841470984807899   
901       0.540302305868137   0.841470984807894   
902       0.540302305868144   0.841470984807897   
903       0.540302305868139   0.841470984807893   
904       0.540302305868141   0.841470984807899   
905       0.540302305868139   0.841470984807898   
906       0.540302305868140   0.841470984807897   
907       0.540302305868139   0.841470984807899   
908       0.540302305868142   0.841470984807898   
909       0.540302305868144   0.841470984807901   
910       0.540302305868144   0.841470984807896   
911       0.540302305868139   0.841470984807896   
912       0.540302305868143   0.841470984807897   
913       0.540302305868139   0.841470984807897   
914       0.540302305868143   0.841470984807895   
915       0.540302305868139   0.841470984807898   
916       0.540302305868141   0.841470984807896   
917       0.540302305868146   0.841470984807898   
918       0.540302305868142   0.841470984807895   
919       0.540302305868138   0.841470984807897   
920       0.540302305868139   0.841470984807899   
921       0.540302305868140   0.841470984807896   
922       0.540302305868142   0.841470984807898   
923       0.540302305868143   0.841470984807895   
924       0.540302305868138   0.841470984807896   
925       0.540302305868139   0.841470984807894   
926       0.540302305868143   0.841470984807893   
927       0.540302305868139   0.841470984807894   
928       0.540302305868136   0.841470984807897   
929       0.540302305868138   0.841470984807898   
930       0.540302305868138   0.841470984807893   
931       0.540302305868138   0.841470984807897   
932       0.540302305868140   0.841470984807894   
933       0.540302305868136   0.841470984807899   
934       0.540302305868141   0.841470984807898   
935       0.540302305868137   0.841470984807895   
936       0.540302305868141   0.841470984807896   
937       0.540302305868137   0.841470984807892   
938       0.540302305868143   0.841470984807903   
939       0.540302305868146   0.841470984807895   
940       0.540302305868137   0.841470984807896   
941       0.540302305868144   0.841470984807902   
942       0.540302305868138   0.841470984807896   
943       0.540302305868142   0.841470984807894   
944       0.540302305868140   0.841470984807892   
945       0.540302305868141   0.841470984807897   
946       0.540302305868145   0.841470984807899   
947       0.540302305868135   0.841470984807894   
948       0.540302305868140   0.841470984807894   
949       0.540302305868138   0.841470984807894   
950       0.540302305868139   0.841470984807897   
951       0.540302305868141   0.841470984807901   
952       0.540302305868140   0.841470984807894   
953       0.540302305868139   0.841470984807893   
954       0.540302305868141   0.841470984807896   
955       0.540302305868142   0.841470984807894   
956       0.540302305868140   0.841470984807894   
957       0.540302305868137   0.841470984807899   
958       0.540302305868144   0.841470984807898   
959       0.540302305868139   0.841470984807897   
960       0.540302305868141   0.841470984807897   
961       0.540302305868142   0.841470984807894   
962       0.540302305868140   0.841470984807895   
963       0.540302305868139   0.841470984807897   
964       0.540302305868140   0.841470984807893   
965       0.540302305868137   0.841470984807899   
966       0.540302305868140   0.841470984807891   
967       0.540302305868134   0.841470984807895   
968       0.540302305868139   0.841470984807895   
969       0.540302305868139   0.841470984807895   
970       0.540302305868140   0.841470984807898   
971       0.540302305868140   0.841470984807898   
972       0.540302305868134   0.841470984807894   
973       0.540302305868139   0.841470984807896   
974       0.540302305868143   0.841470984807896   
975       0.540302305868139   0.841470984807896   
976       0.540302305868142   0.841470984807895   
977       0.540302305868140   0.841470984807898   
978       0.540302305868144   0.841470984807898   
979       0.540302305868137   0.841470984807900   
980       0.540302305868143   0.841470984807899   
981       0.540302305868141   0.841470984807892   
982       0.540302305868137   0.841470984807894   
983       0.540302305868141   0.841470984807894   
984       0.540302305868141   0.841470984807894   
985       0.540302305868144   0.841470984807899   
986       0.540302305868144   0.841470984807900   
987       0.540302305868144   0.841470984807898   
988       0.540302305868143   0.841470984807898   
989       0.540302305868139   0.841470984807895   
990       0.540302305868143   0.841470984807900   
991       0.540302305868141   0.841470984807898   
992       0.540302305868142   0.841470984807900   
993       0.540302305868137   0.841470984807897   
994       0.540302305868146   0.841470984807898   
995       0.540302305868138   0.841470984807894   
996       0.540302305868139   0.841470984807893   
997       0.540302305868140   0.841470984807897   
998       0.540302305868136   0.841470984807895   
999       0.540302305868140   0.841470984807893   
1000      0.540302305868142   0.841470984807899   
