Interval  Time                Result V            Result X            
0         0.003141590000000   0.999995065210195   0.003141584832303   
1         0.006283180000000   0.999980260889483   0.006283138658484   
2         0.009424770000000   0.999955587183977   0.009424630472728   
3         0.012566360000000   0.999921044337196   0.012566029269831   
4         0.015707950000000   0.999876632690064   0.015707304045508   
5         0.018849540000000   0.999822352680905   0.018848423796697   
6         0.021991130000000   0.999758204845439   0.021989357521867   
7         0.025132720000000   0.999684189816779   0.025130074221322   
8         0.028274310000000   0.999600308325422   0.028270542897509   
9         0.031415900000000   0.999506561199244   0.031410732555323   
10        0.034557490000000   0.999402949363488   0.034550612202410   
11        0.037699080000000   0.999289473840760   0.037690150849480   
12        0.040840670000000   0.999166135751016   0.040829317510606   
13        0.043982260000000   0.999032936311551   0.043968081203532   
14        0.047123850000000   0.998889876836987   0.047106410949981   
15        0.050265440000000   0.998736958739262   0.050244275775956   
16        0.053407030000000   0.998574183527612   0.053381644712051   
17        0.056548620000000   0.998401552808560   0.056518486793755   
18        0.059690210000000   0.998219068285900   0.059654771061753   
19        0.062831800000000   0.998026731760676   0.062790466562239   
20        0.065973390000000   0.997824545131170   0.065925542347217   
21        0.069114980000000   0.997612510392877   0.069059967474806   
22        0.072256570000000   0.997390629638493   0.072193711009548   
23        0.075398160000000   0.997158905057887   0.075326742022712   
24        0.078539750000000   0.996917338938083   0.078459029592599   
25        0.081681340000000   0.996665933663236   0.081590542804847   
26        0.084822930000000   0.996404691714612   0.084721250752738   
27        0.087964520000000   0.996133615670559   0.087851122537499   
28        0.091106110000000   0.995852708206483   0.090980127268613   
29        0.094247700000000   0.995561972094823   0.094108234064117   
30        0.097389290000000   0.995261410205022   0.097235412050914   
31        0.100530880000000   0.994951025503499   0.100361630365070   
32        0.103672470000000   0.994630821053622   0.103486858152125   
33        0.106814060000000   0.994300800015673   0.106611064567396   
34        0.109955650000000   0.993960965646821   0.109734218776277   
35        0.113097240000000   0.993611321301088   0.112856289954550   
36        0.116238830000000   0.993251870429318   0.115977247288684   
37        0.119380420000000   0.992882616579140   0.119097059976144   
38        0.122522010000000   0.992503563394933   0.122215697225688   
39        0.125663600000000   0.992114714617793   0.125333128257679   
40        0.128805190000000   0.991716074085494   0.128449322304383   
41        0.131946780000000   0.991307645732451   0.131564248610275   
42        0.135088370000000   0.990889433589679   0.134677876432341   
43        0.138229960000000   0.990461441784757   0.137790175040384   
44        0.141371550000000   0.990023674541785   0.140901113717324   
45        0.144513140000000   0.989576136181340   0.144010661759506   
46        0.147654730000000   0.989118831120438   0.147118788476996   
47        0.150796320000000   0.988651763872488   0.150225463193892   
48        0.153937910000000   0.988174939047247   0.153330655248618   
49        0.157079500000000   0.987688361350776   0.156434333994236   
50        0.160221090000000   0.987192035585391   0.159536468798741   
51        0.163362680000000   0.986685966649621   0.162637029045367   
52        0.166504270000000   0.986170159538152   0.165735984132886   
53        0.169645860000000   0.985644619341784   0.168833303475916   
54        0.172787450000000   0.985109351247377   0.171928956505216   
55        0.175929040000000   0.984564360537803   0.175022912667992   
56        0.179070630000000   0.984009652591891   0.178115141428199   
57        0.182212220000000   0.983445232884375   0.181205612266837   
58        0.185353810000000   0.982871106985840   0.184294294682259   
59        0.188495400000000   0.982287280562667   0.187381158190467   
60        0.191636990000000   0.981693759376979   0.190466172325418   
61        0.194778580000000   0.981090549286578   0.193549306639317   
62        0.197920170000000   0.980477656244897   0.196630530702926   
63        0.201061760000000   0.979855086300931   0.199709814105859   
64        0.204203350000000   0.979222845599183   0.202787126456882   
65        0.207344940000000   0.978580940379604   0.205862437384216   
66        0.210486530000000   0.977929376977529   0.208935716535836   
67        0.213628120000000   0.977268161823614   0.212006933579768   
68        0.216769710000000   0.976597301443774   0.215076058204391   
69        0.219911300000000   0.975916802459121   0.218143060118735   
70        0.223052890000000   0.975226671585892   0.221207909052780   
71        0.226194480000000   0.974526915635390   0.224270574757757   
72        0.229336070000000   0.973817541513911   0.227331027006442   
73        0.232477660000000   0.973098556222680   0.230389235593458   
74        0.235619250000000   0.972369966857779   0.233445170335572   
75        0.238760840000000   0.971631780610078   0.236498801071992   
76        0.241902430000000   0.970884004765167   0.239550097664668   
77        0.245044020000000   0.970126646703279   0.242599029998583   
78        0.248185610000000   0.969359713899218   0.245645567982059   
79        0.251327200000000   0.968583213922289   0.248689681547046   
80        0.254468790000000   0.967797154436221   0.251731340649422   
81        0.257610380000000   0.967001543199090   0.254770515269291   
82        0.260751970000000   0.966196388063245   0.257807175411277   
83        0.263893560000000   0.965381696975228   0.260841291104821   
84        0.267035150000000   0.964557477975699   0.263872832404477   
85        0.270176740000000   0.963723739199351   0.266901769390206   
86        0.273318330000000   0.962880488874837   0.269928072167674   
87        0.276459920000000   0.962027735324682   0.272951710868545   
88        0.279601510000000   0.961165486965205   0.275972655650775   
89        0.282743100000000   0.960293752306436   0.278990876698910   
90        0.285884690000000   0.959412539952029   0.282006344224377   
91        0.289026280000000   0.958521858599179   0.285019028465779   
92        0.292167870000000   0.957621717038537   0.288028899689189   
93        0.295309460000000   0.956712124154122   0.291035928188443   
94        0.298451050000000   0.955793088923233   0.294040084285434   
95        0.301592640000000   0.954864620416362   0.297041338330405   
96        0.304734230000000   0.953926727797102   0.300039660702239   
97        0.307875820000001   0.952979420322059   0.303035021808756   
98        0.311017410000001   0.952022707340760   0.306027392087000   
99        0.314159000000001   0.951056598295560   0.309016742003535   
100       0.317300590000001   0.950081102721548   0.312003042054733   
101       0.320442180000001   0.949096230246457   0.314986262767070   
102       0.323583770000001   0.948101990590563   0.317966374697409   
103       0.326725360000001   0.947098393566594   0.320943348433300   
104       0.329866950000001   0.946085449079630   0.323917154593263   
105       0.333008540000001   0.945063167127008   0.326887763827082   
106       0.336150130000001   0.944031557798221   0.329855146816092   
107       0.339291720000001   0.942990631274820   0.332819274273470   
108       0.342433310000001   0.941940397830310   0.335780116944525   
109       0.345574900000001   0.940880867830056   0.338737645606984   
110       0.348716490000001   0.939812051731173   0.341691831071282   
111       0.351858080000001   0.938733960082425   0.344642644180851   
112       0.354999670000001   0.937646603524126   0.347590055812407   
113       0.358141260000001   0.936549992788027   0.350534036876234   
114       0.361282850000001   0.935444138697214   0.353474558316479   
115       0.364424440000001   0.934329052166003   0.356411591111430   
116       0.367566030000001   0.933204744199829   0.359345106273808   
117       0.370707620000001   0.932071225895139   0.362275074851052   
118       0.373849210000001   0.930928508439282   0.365201467925603   
119       0.376990800000001   0.929776603110399   0.368124256615194   
120       0.380132390000001   0.928615521277312   0.371043412073127   
121       0.383273980000001   0.927445274399410   0.373958905488565   
122       0.386415570000001   0.926265874026537   0.376870708086814   
123       0.389557160000001   0.925077331798880   0.379778791129608   
124       0.392698750000001   0.923879659446851   0.382683125915387   
125       0.395840340000001   0.922672868790972   0.385583683779590   
126       0.398981930000001   0.921456971741760   0.388480436094929   
127       0.402123520000001   0.920231980299608   0.391373354271677   
128       0.405265110000001   0.918997906554666   0.394262409757948   
129       0.408406700000001   0.917754762686723   0.397147574039977   
130       0.411548290000001   0.916502560965086   0.400028818642408   
131       0.414689880000001   0.915241313748461   0.402906115128566   
132       0.417831470000001   0.913971033484827   0.405779435100746   
133       0.420973060000002   0.912691732711315   0.408648750200486   
134       0.424114650000002   0.911403424054088   0.411514032108854   
135       0.427256240000002   0.910106120228210   0.414375252546720   
136       0.430397830000002   0.908799834037523   0.417232383275043   
137       0.433539420000002   0.907484578374525   0.420085396095143   
138       0.436681010000002   0.906160366220234   0.422934262848983   
139       0.439822600000002   0.904827210644070   0.425778955419446   
140       0.442964190000002   0.903485124803716   0.428619445730612   
141       0.446105780000002   0.902134121944995   0.431455705748035   
142       0.449247370000002   0.900774215401739   0.434287707479022   
143       0.452388960000002   0.899405418595652   0.437115422972906   
144       0.455530550000002   0.898027745036184   0.439938824321324   
145       0.458672140000002   0.896641208320394   0.442757883658491   
146       0.461813730000002   0.895245822132817   0.445572573161478   
147       0.464955320000002   0.893841600245326   0.448382865050481   
148       0.468096910000002   0.892428556517003   0.451188731589102   
149       0.471238500000002   0.891006704893993   0.453990145084616   
150       0.474380090000002   0.889576059409377   0.456787077888252   
151       0.477521680000002   0.888136634183022   0.459579502395456   
152       0.480663270000002   0.886688443421451   0.462367391046175   
153       0.483804860000002   0.885231501417698   0.465150716325118   
154       0.486946450000002   0.883765822551167   0.467929450762036   
155       0.490088040000002   0.882291421287494   0.470703566931987   
156       0.493229630000002   0.880808312178399   0.473473037455611   
157       0.496371220000002   0.879316509861545   0.476237834999399   
158       0.499512810000002   0.877816029060393   0.478997932275960   
159       0.502654400000002   0.876306884584059   0.481753302044295   
160       0.505795990000002   0.874789091327165   0.484503917110063   
161       0.508937580000002   0.873262664269691   0.487249750325850   
162       0.512079170000002   0.871727618476831   0.489990774591435   
163       0.515220760000002   0.870183969098842   0.492726962854062   
164       0.518362350000002   0.868631731370893   0.495458288108703   
165       0.521503940000002   0.867070920612919   0.498184723398325   
166       0.524645530000002   0.865501552229467   0.500906241814160   
167       0.527787120000002   0.863923641709541   0.503622816495963   
168       0.530928710000002   0.862337204626456   0.506334420632284   
169       0.534070300000002   0.860742256637679   0.509041027460732   
170       0.537211890000002   0.859138813484675   0.511742610268234   
171       0.540353480000002   0.857526890992756   0.514439142391304   
172       0.543495070000003   0.855906505070917   0.517130597216303   
173       0.546636660000003   0.854277671711687   0.519816948179704   
174       0.549778250000003   0.852640406990966   0.522498168768352   
175       0.552919840000003   0.850994727067869   0.525174232519727   
176       0.556061430000003   0.849340648184566   0.527845113022204   
177       0.559203020000003   0.847678186666118   0.530510783915316   
178       0.562344610000003   0.846007358920323   0.533171218890013   
179       0.565486200000003   0.844328181437548   0.535826391688918   
180       0.568627790000003   0.842640670790568   0.538476276106592   
181       0.571769380000003   0.840944843634405   0.541120845989791   
182       0.574910970000003   0.839240716706159   0.543760075237722   
183       0.578052560000003   0.837528306824848   0.546393937802301   
184       0.581194150000003   0.835807630891236   0.549022407688412   
185       0.584335740000003   0.834078705887671   0.551645458954163   
186       0.587477330000003   0.832341548877918   0.554263065711139   
187       0.590618920000003   0.830596177006984   0.556875202124663   
188       0.593760510000003   0.828842607500957   0.559481842414047   
189       0.596902100000003   0.827080857666830   0.562082960852846   
190       0.600043690000003   0.825310944892335   0.564678531769115   
191       0.603185280000003   0.823532886645765   0.567268529545660   
192       0.606326870000003   0.821746700475808   0.569852928620292   
193       0.609468460000003   0.819952404011371   0.572431703486079   
194       0.612610050000003   0.818150014961406   0.575004828691597   
195       0.615751640000003   0.816339551114734   0.577572278841181   
196       0.618893230000003   0.814521030339874   0.580134028595179   
197       0.622034820000003   0.812694470584860   0.582690052670196   
198       0.625176410000003   0.810859889877069   0.585240325839350   
199       0.628318000000003   0.809017306323042   0.587784822932517   
200       0.631459590000003   0.807166738108304   0.590323518836580   
201       0.634601180000003   0.805308203497185   0.592856388495677   
202       0.637742770000003   0.803441720832640   0.595383406911451   
203       0.640884360000003   0.801567308536070   0.597904549143291   
204       0.644025950000003   0.799684985107134   0.600419790308584   
205       0.647167540000003   0.797794769123574   0.602929105582957   
206       0.650309130000003   0.795896679241028   0.605432470200522   
207       0.653450720000003   0.793990734192843   0.607929859454124   
208       0.656592310000004   0.792076952789898   0.610421248695581   
209       0.659733900000004   0.790155353920409   0.612906613335927   
210       0.662875490000004   0.788225956549749   0.615385928845659   
211       0.666017080000004   0.786288779720260   0.617859170754975   
212       0.669158670000004   0.784343842551063   0.620326314654017   
213       0.672300260000004   0.782391164237870   0.622787336193111   
214       0.675441850000004   0.780430764052794   0.625242211083011   
215       0.678583440000004   0.778462661344162   0.627690915095133   
216       0.681725030000004   0.776486875536320   0.630133424061797   
217       0.684866620000004   0.774503426129443   0.632569713876467   
218       0.688008210000004   0.772512332699343   0.634999760493986   
219       0.691149800000004   0.770513614897276   0.637423539930817   
220       0.694291390000004   0.768507292449745   0.639841028265274   
221       0.697432980000004   0.766493385158309   0.642252201637765   
222       0.700574570000004   0.764471912899388   0.644657036251022   
223       0.703716160000004   0.762442895624063   0.647055508370337   
224       0.706857750000004   0.760406353357880   0.649447594323801   
225       0.709999340000004   0.758362306200656   0.651833270502529   
226       0.713140930000004   0.756310774326278   0.654212513360901   
227       0.716282520000004   0.754251777982501   0.656585299416790   
228       0.719424110000004   0.752185337490756   0.658951605251795   
229       0.722565700000004   0.750111473245940   0.661311407511473   
230       0.725707290000004   0.748030205716223   0.663664682905567   
231       0.728848880000004   0.745941555442838   0.666011408208238   
232       0.731990470000004   0.743845543039887   0.668351560258294   
233       0.735132060000004   0.741742189194132   0.670685115959418   
234       0.738273650000004   0.739631514664789   0.673012052280396   
235       0.741415240000004   0.737513540283329   0.675332346255346   
236       0.744556830000004   0.735388286953270   0.677645974983940   
237       0.747698420000004   0.733255775649969   0.679952915631636   
238       0.750840010000004   0.731116027420414   0.682253145429900   
239       0.753981600000004   0.728969063383022   0.684546641676431   
240       0.757123190000004   0.726814904727425   0.686833381735384   
241       0.760264780000004   0.724653572714263   0.689113343037597   
242       0.763406370000004   0.722485088674976   0.691386503080811   
243       0.766547960000004   0.720309474011588   0.693652839429890   
244       0.769689550000004   0.718126750196503   0.695912329717048   
245       0.772831140000005   0.715936938772285   0.698164951642066   
246       0.775972730000005   0.713740061351455   0.700410682972513   
247       0.779114320000005   0.711536139616267   0.702649501543963   
248       0.782255910000005   0.709325195318504   0.704881385260220   
249       0.785397500000005   0.707107250279255   0.707106312093529   
250       0.788539090000005   0.704882326388707   0.709324260084797   
251       0.791680680000005   0.702650445605922   0.711535207343811   
252       0.794822270000005   0.700411629958625   0.713739132049450   
253       0.797963860000005   0.698165901542987   0.715936012449904   
254       0.801105450000005   0.695913282523402   0.718125826862887   
255       0.804247040000005   0.693653795132272   0.720308553675851   
256       0.807388630000005   0.691387461669790   0.722484171346200   
257       0.810530220000005   0.689114304503712   0.724652658401503   
258       0.813671810000005   0.686834346069146   0.726813993439703   
259       0.816813400000005   0.684547608868321   0.728968155129334   
260       0.819954990000005   0.682254115470374   0.731115122209723   
261       0.823096580000005   0.679953888511119   0.733254873491209   
262       0.826238170000005   0.677646950692830   0.735387387855347   
263       0.829379760000005   0.675333324784013   0.737512644255115   
264       0.832521350000005   0.673013033619183   0.739630621715127   
265       0.835662940000005   0.670686100098639   0.741741299331835   
266       0.838804530000005   0.668352547188236   0.743844656273739   
267       0.841946120000005   0.666012397919161   0.745940671781590   
268       0.845087710000005   0.663665675387703   0.748029325168595   
269       0.848229300000005   0.661312402755027   0.750110595820625   
270       0.851370890000005   0.658952603246944   0.752184463196413   
271       0.854512480000005   0.656586300153684   0.754250906827759   
272       0.857654070000005   0.654213516829662   0.756309906319734   
273       0.860795660000005   0.651834276693255   0.758361441350878   
274       0.863937250000005   0.649448603226560   0.760405491673404   
275       0.867078840000005   0.647056519975173   0.762442037113392   
276       0.870220430000005   0.644658050547949   0.764471057570997   
277       0.873362020000005   0.642253218616774   0.766492533020639   
278       0.876503610000005   0.639842047916327   0.768506443511205   
279       0.879645200000005   0.637424562243850   0.770512769166245   
280       0.882786790000005   0.635000785458911   0.772511490184170   
281       0.885928380000006   0.632570741483166   0.774502586838441   
282       0.889069970000006   0.630134454300129   0.776486039477774   
283       0.892211560000006   0.627691947954930   0.778461828526323   
284       0.895353150000006   0.625243246554079   0.780429934483881   
285       0.898494740000006   0.622788374265231   0.782390337926070   
286       0.901636330000006   0.620327355316942   0.784343019504533   
287       0.904777920000006   0.617860213998435   0.786287959947123   
288       0.907919510000006   0.615386974659358   0.788225140058095   
289       0.911061100000006   0.612907661709542   0.790154540718296   
290       0.914202690000006   0.610422299618766   0.792076142885353   
291       0.917344280000006   0.607930912916507   0.793989927593859   
292       0.920485870000006   0.605433526191706   0.795895875955566   
293       0.923627460000006   0.602930164092519   0.797793969159562   
294       0.926769050000006   0.600420851326077   0.799684188472467   
295       0.929910640000006   0.597905612658244   0.801566515238610   
296       0.933052230000006   0.595384472913366   0.803440930880219   
297       0.936193820000006   0.592857456974035   0.805307416897597   
298       0.939335410000006   0.590324589780834   0.807165954869313   
299       0.942477000000006   0.587785896332097   0.809016526452378   
300       0.945618590000006   0.585241401683663   0.810859113382430   
301       0.948760180000006   0.582691130948624   0.812693697473908   
302       0.951901770000006   0.580135109297079   0.814520260620241   
303       0.955043360000006   0.577573361955888   0.816338784794016   
304       0.958184950000006   0.575005914208421   0.818149252047166   
305       0.961326540000006   0.572432791394306   0.819951644511139   
306       0.964468130000006   0.569854018909185   0.821745944397080   
307       0.967609720000006   0.567269622204458   0.823532133996003   
308       0.970751310000006   0.564679626787033   0.825310195678967   
309       0.973892900000006   0.562084058219078   0.827080111897252   
310       0.977034490000006   0.559482942117762   0.828841865182528   
311       0.980176080000006   0.556876304155008   0.830595438147031   
312       0.983317670000006   0.554264170057237   0.832340813483732   
313       0.986459260000006   0.551646565605114   0.834077973966512   
314       0.989600850000006   0.549023516633295   0.835806902450326   
315       0.992742440000006   0.546395049030171   0.837527581871377   
316       0.995884030000006   0.543761188737611   0.839239995247283   
317       0.999025620000006   0.541121961750709   0.840944125677243   
318       1.002167210000007   0.538477394117527   0.842639956342207   
319       1.005308800000007   0.535827511938835   0.844327470505038   
320       1.008450390000007   0.533172341367857   0.846006651510682   
321       1.011591980000007   0.530511908610009   0.847677482786328   
322       1.014733570000007   0.527846239922645   0.849339947841572   
323       1.017875160000007   0.525175361614793   0.850994030268585   
324       1.021016750000007   0.522499300046901   0.852639713742269   
325       1.024158340000007   0.519818081630570   0.854276982020418   
326       1.027299930000007   0.517131732828299   0.855905818943883   
327       1.030441520000007   0.514440280153222   0.857526208436729   
328       1.033583110000007   0.511743750168846   0.859138134506393   
329       1.036724700000007   0.509042169488786   0.860741581243842   
330       1.039866290000007   0.506335564776510   0.862336532823730   
331       1.043007880000007   0.503623962745067   0.863922973504556   
332       1.046149470000007   0.500907390156831   0.865500887628818   
333       1.049291060000007   0.498185873823229   0.867070259623166   
334       1.052432650000007   0.495459440604485   0.868631073998559   
335       1.055574240000007   0.492728117409348   0.870183315350414   
336       1.058715830000007   0.489991931194829   0.871726968358764   
337       1.061857420000007   0.487250908965937   0.873262017788399   
338       1.064999010000007   0.484505077775409   0.874788448489030   
339       1.068140600000007   0.481754464723444   0.876306245395425   
340       1.071282190000007   0.478999096957436   0.877815393527568   
341       1.074423780000007   0.476239001671708   0.879315877990801   
342       1.077565370000007   0.473474206107239   0.880807683975974   
343       1.080706960000007   0.470704737551399   0.882290796759587   
344       1.083848550000007   0.467930623337678   0.883765201703942   
345       1.086990140000007   0.465151890845419   0.885230884257282   
346       1.090131730000007   0.462368567499541   0.886687829953936   
347       1.093273320000007   0.459580680770277   0.888136024414462   
348       1.096414910000007   0.456788258172897   0.889575453345790   
349       1.099556500000007   0.453991327267437   0.891006102541362   
350       1.102698090000007   0.451189915658431   0.892427957881271   
351       1.105839680000007   0.448384050994632   0.893841005332403   
352       1.108981270000007   0.445573760968746   0.895245230948573   
353       1.112122860000007   0.442759073317153   0.896640620870666   
354       1.115264450000008   0.439940015819638   0.898027161326768   
355       1.118406040000008   0.437116616299113   0.899404838632310   
356       1.121547630000008   0.434288902621345   0.900773639190194   
357       1.124689220000008   0.431456902694677   0.902133549490935   
358       1.127830810000008   0.428620644469760   0.903484556112789   
359       1.130972400000008   0.425780155939270   0.904826645721891   
360       1.134113990000008   0.422935465137634   0.906159805072378   
361       1.137255580000008   0.420086600140754   0.907484021006529   
362       1.140397170000008   0.417233589065731   0.908799280454890   
363       1.143538760000008   0.414376460070585   0.910105570436401   
364       1.146680350000008   0.411515241353977   0.911402878058532   
365       1.149821940000008   0.408649961154934   0.912691190517400   
366       1.152963530000008   0.405780647752565   0.913970495097903   
367       1.156105120000008   0.402907329465790   0.915240779173843   
368       1.159246710000008   0.400030034653050   0.916502030208049   
369       1.162388300000008   0.397148791712037   0.917754235752506   
370       1.165529890000008   0.394263629079407   0.918997383448469   
371       1.168671480000008   0.391374575230502   0.920231461026595   
372       1.171813070000008   0.388481658679069   0.921456456307055   
373       1.174954660000008   0.385584907976979   0.922672357199663   
374       1.178096250000008   0.382684351713942   0.923879151703986   
375       1.181237840000008   0.379780018517231   0.925076827909471   
376       1.184379430000008   0.376871937051392   0.926265373995557   
377       1.187521020000008   0.373960136017968   0.927444778231793   
378       1.190662610000008   0.371044644155209   0.928615028977956   
379       1.193804200000008   0.368125490237797   0.929776114684164   
380       1.196945790000008   0.365202703076551   0.930928023890987   
381       1.200087380000008   0.362276311518154   0.932070745229566   
382       1.203228970000008   0.359346344444859   0.933204267421723   
383       1.206370560000008   0.356412830774209   0.934328579280069   
384       1.209512150000008   0.353475799458752   0.935443669708119   
385       1.212653740000008   0.350535279485752   0.936549527700400   
386       1.215795330000008   0.347591299876905   0.937646142342558   
387       1.218936920000008   0.344643889688051   0.938733502811468   
388       1.222078510000008   0.341693078008891   0.939811598375338   
389       1.225220100000008   0.338738893962695   0.940880418393819   
390       1.228361690000008   0.335781366706018   0.941939952318106   
391       1.231503280000009   0.332820525428410   0.942990189691046   
392       1.234644870000009   0.329856399352130   0.944031120147236   
393       1.237786460000009   0.326889017731857   0.945062733413131   
394       1.240928050000009   0.323918409854400   0.946085019307142   
395       1.244069640000009   0.320944605038409   0.947097967739736   
396       1.247211230000009   0.317967632634088   0.948101568713538   
397       1.250352820000009   0.314987522022904   0.949095812323428   
398       1.253494410000009   0.312004302617294   0.950080688756641   
399       1.256636000000009   0.309018003860380   0.951056188292860   
400       1.259777590000009   0.306028655225677   0.952022301304314   
401       1.262919180000009   0.303036286216797   0.952979018255874   
402       1.266060770000009   0.300040926367166   0.953926329705146   
403       1.269202360000009   0.297042605239726   0.954864226302564   
404       1.272343950000009   0.294041352426645   0.955792698791483   
405       1.275485540000009   0.291037197549028   0.956711738008271   
406       1.278627130000009   0.288030170256619   0.957621334882395   
407       1.281768720000009   0.285020300227516   0.958521480436518   
408       1.284910310000009   0.282007617167868   0.959412165786582   
409       1.288051900000009   0.278992150811592   0.960293382141895   
410       1.291193490000009   0.275973930920073   0.961165120805224   
411       1.294335080000009   0.272952987281872   0.962027373172874   
412       1.297476670000009   0.269929349712433   0.962880130734777   
413       1.300618260000009   0.266903048053788   0.963723385074574   
414       1.303759850000009   0.263874112174261   0.964557127869699   
415       1.306901440000009   0.260842571968178   0.965381350891462   
416       1.310043030000009   0.257808457355564   0.966196046005127   
417       1.313184620000009   0.254771798281857   0.967001205169997   
418       1.316326210000009   0.251732624717603   0.967796820439489   
419       1.319467800000009   0.248690966658170   0.968582883961214   
420       1.322609390000009   0.245646854123442   0.969359387977057   
421       1.325750980000009   0.242600317157532   0.970126324823248   
422       1.328892570000009   0.239551385828478   0.970883686930445   
423       1.332034160000009   0.236500090227950   0.971631466823800   
424       1.335175750000009   0.233446460470954   0.972369657123041   
425       1.338317340000009   0.230390526695532   0.973098250542541   
426       1.341458930000009   0.227332319062465   0.973817239891387   
427       1.344600520000010   0.224271867754977   0.974526618073458   
428       1.347742110000010   0.221209202978435   0.975226378087489   
429       1.350883700000010   0.218144354960054   0.975916513027144   
430       1.354025290000010   0.215077353948596   0.976597016081079   
431       1.357166880000010   0.212008230214069   0.977267880533017   
432       1.360308470000010   0.208937014047437   0.977929099761807   
433       1.363450060000010   0.205863735760311   0.978580667241493   
434       1.366591650000010   0.202788425684656   0.979222576541378   
435       1.369733240000010   0.199711114172490   0.979854821326088   
436       1.372874830000010   0.196631831595583   0.980477395355631   
437       1.376016420000010   0.193550608345160   0.981090292485465   
438       1.379158010000010   0.190467474831599   0.981693506666551   
439       1.382299600000010   0.187382461484132   0.982287031945421   
440       1.385441190000010   0.184295598750544   0.982870862464228   
441       1.388582780000010   0.181206917096873   0.983444992460811   
442       1.391724370000010   0.178116447007106   0.984009416268748   
443       1.394865960000010   0.175024218982887   0.984564128317413   
444       1.398007550000010   0.171930263543204   0.985109123132032   
445       1.401149140000010   0.168834611224097   0.985644395333735   
446       1.404290730000010   0.165737292578355   0.986169939639611   
447       1.407432320000010   0.162638338175208   0.986685750862757   
448       1.410573910000010   0.159537778600035   0.987191823912335   
449       1.413715500000010   0.156435644454056   0.987688153793616   
450       1.416857090000010   0.153331966354029   0.988174735608032   
451       1.419998680000010   0.150226774931954   0.988651564553226   
452       1.423140270000010   0.147120100834764   0.989118635923096   
453       1.426281860000010   0.144011974724026   0.989575945107844   
454       1.429423450000010   0.140902427275639   0.990023487594022   
455       1.432565040000010   0.137791489179528   0.990461258964572   
456       1.435706630000010   0.134679191139346   0.990889254898875   
457       1.438848220000010   0.131565563872164   0.991307471172792   
458       1.441989810000010   0.128450638108176   0.991715903658704   
459       1.445131400000010   0.125334444590389   0.992114548325553   
460       1.448272990000010   0.122217014074323   0.992503401238884   
461       1.451414580000010   0.119098377327707   0.992882458560883   
462       1.454556170000010   0.115978565130175   0.993251716550414   
463       1.457697760000011   0.112857608272960   0.993611171563054   
464       1.460839350000011   0.109735537558597   0.993960820051134   
465       1.463980940000011   0.106612383800609   0.994300658563771   
466       1.467122530000011   0.103488177823212   0.994630683746901   
467       1.470264120000011   0.100362950461005   0.994950892343315   
468       1.473405710000011   0.097236732558668   0.995261281192688   
469       1.476547300000011   0.094109554970658   0.995561847231613   
470       1.479688890000011   0.090981448560904   0.995852587493629   
471       1.482830480000011   0.087852444202500   0.996133499109253   
472       1.485972070000011   0.084722572777403   0.996404579306004   
473       1.489113660000011   0.081591865176130   0.996665825408435   
474       1.492255250000011   0.078460352297448   0.996917234838157   
475       1.495396840000011   0.075328065048073   0.997158805113864   
476       1.498538430000011   0.072195034342362   0.997390533851360   
477       1.501680020000011   0.069061291102013   0.997612418763579   
478       1.504821610000011   0.065926866255754   0.997824457660611   
479       1.507963200000011   0.062791790739039   0.998026648449720   
480       1.511104790000011   0.059656095493746   0.998218989135369   
481       1.514246380000011   0.056519811467870   0.998401477819235   
482       1.517387970000011   0.053382969615215   0.998574112700233   
483       1.520529560000011   0.050245600895092   0.998736892074528   
484       1.523671150000011   0.047107736272010   0.998889814335557   
485       1.526812740000011   0.043969406715375   0.999032877974041   
486       1.529954330000011   0.040830643199180   0.999166081578001   
487       1.533095920000011   0.037691476701702   0.999289423832776   
488       1.536237510000011   0.034551938205193   0.999402903521028   
489       1.539379100000011   0.031412058695580   0.999506519522760   
490       1.542520690000011   0.028271869162153   0.999600270815326   
491       1.545662280000011   0.025131400597262   0.999684156473441   
492       1.548803870000011   0.021990683996012   0.999758175669188   
493       1.551945460000011   0.018849750355956   0.999822327672029   
494       1.555087050000011   0.015708630676788   0.999876611848810   
495       1.558228640000011   0.012567355960039   0.999921027663770   
496       1.561370230000011   0.009425957208770   0.999955574678543   
497       1.564511820000011   0.006284465427266   0.999980252552164   
498       1.567653410000011   0.003142911620730   0.999995061041074   
499       1.570795000000011   0.000001326794977   0.999999999999118   
500       1.573936590000012   -0.003140258043870  0.999995069377551   
501       1.577078180000012   -0.006281811889691  0.999980269225038   
502       1.580219770000012   -0.009423303736669  0.999955599687647   
503       1.583361360000012   -0.012564702579601  0.999921061008859   
504       1.586502950000012   -0.015705977414200  0.999876653529554   
505       1.589644540000012   -0.018847097237405  0.999822377688017   
506       1.592786130000012   -0.021988031047683  0.999758234019926   
507       1.595927720000012   -0.025128747845338  0.999684223158354   
508       1.599069310000012   -0.028269216632816  0.999600345833755   
509       1.602210900000012   -0.031409406415010  0.999506602873964   
510       1.605352490000012   -0.034549286199566  0.999402995204185   
511       1.608494080000012   -0.037688824997193  0.999289523846981   
512       1.611635670000012   -0.040827991821960  0.999166189922268   
513       1.614777260000012   -0.043966755691611  0.999032994647299   
514       1.617918850000012   -0.047105085627868  0.998889939336655   
515       1.621060440000012   -0.050242950656731  0.998737025402233   
516       1.624202030000012   -0.053380319808793  0.998574254353228   
517       1.627343620000012   -0.056517162119539  0.998401627796124   
518       1.630485210000012   -0.059653446629654  0.998219147434669   
519       1.633626800000012   -0.062789142385329  0.998026815069871   
520       1.636768390000012   -0.065924218438564  0.997824632599967   
521       1.639909980000012   -0.069058643847477  0.997612602020415   
522       1.643051570000012   -0.072192387676607  0.997390725423866   
523       1.646193160000012   -0.075325418997219  0.997159005000150   
524       1.649334750000012   -0.078457706887612  0.996917443036249   
525       1.652476340000012   -0.081589220433421  0.996666041916279   
526       1.655617930000012   -0.084719928727923  0.996404804121463   
527       1.658759520000012   -0.087849800872344  0.996133732230108   
528       1.661901110000012   -0.090978805976161  0.995852828917581   
529       1.665042700000012   -0.094106913157410  0.995562096956277   
530       1.668184290000012   -0.097234091542988  0.995261539215600   
531       1.671325880000012   -0.100360310268958  0.994951158661929   
532       1.674467470000012   -0.103485538480856  0.994630958358588   
533       1.677609060000012   -0.106609745333994  0.994300941465820   
534       1.680750650000012   -0.109732899993763  0.993961111240754   
535       1.683892240000012   -0.112854971635940  0.993611471037370   
536       1.687033830000013   -0.115975929446989  0.993252024306471   
537       1.690175420000013   -0.119095742624370  0.992882774595645   
538       1.693317010000013   -0.122214380376838  0.992503725549230   
539       1.696458600000013   -0.125331811924749  0.992114880908283   
540       1.699600190000013   -0.128448006500364  0.991716244510535   
541       1.702741780000013   -0.131562933348154  0.991307820290361   
542       1.705883370000013   -0.134676561725099  0.990889612278735   
543       1.709024960000013   -0.137788860900996  0.990461624603196   
544       1.712166550000013   -0.140899800158761  0.990023861487802   
545       1.715308140000013   -0.144009348794732  0.989576327253090   
546       1.718449730000013   -0.147117476118970  0.989119026316035   
547       1.721591320000013   -0.150224151455565  0.988651963190006   
548       1.724732910000013   -0.153329344142938  0.988175142484718   
549       1.727874500000013   -0.156433023534142  0.987688568906193   
550       1.731016090000013   -0.159535158997167  0.987192247256706   
551       1.734157680000013   -0.162635719915239  0.986686182434744   
552       1.737299270000013   -0.165734675687126  0.986170379434953   
553       1.740440860000013   -0.168831995727437  0.985644843348093   
554       1.743582450000013   -0.171927649466925  0.985109579360984   
555       1.746724040000013   -0.175021606352790  0.984564592756456   
556       1.749865630000013   -0.178113835848977  0.984009888913297   
557       1.753007220000013   -0.181204307436482  0.983445473306203   
558       1.756148810000013   -0.184292990613648  0.982871351505717   
559       1.759290400000013   -0.187379854896472  0.982287529178180   
560       1.762431990000013   -0.190464869818901  0.981694012085673   
561       1.765573580000013   -0.193548004933134  0.981090806085960   
562       1.768715170000013   -0.196629229809923  0.980477917132432   
563       1.771856760000013   -0.199708514038876  0.979855351274044   
564       1.774998350000013   -0.202785827228750  0.979223114655259   
565       1.778139940000013   -0.205861139007758  0.978581213515988   
566       1.781281530000013   -0.208934419023866  0.977929654191525   
567       1.784423120000013   -0.212005636945092  0.977268443112486   
568       1.787564710000013   -0.215074762459807  0.976597586804746   
569       1.790706300000013   -0.218141765277031  0.975917091889376   
570       1.793847890000013   -0.221206615126736  0.975226965082574   
571       1.796989480000013   -0.224269281760143  0.974527213195601   
572       1.800131070000013   -0.227329734950019  0.973817843134716   
573       1.803272660000014   -0.230387944490978  0.973098861901101   
574       1.806414250000014   -0.233443880199778  0.972370276590799   
575       1.809555840000014   -0.236497511915617  0.971632094394641   
576       1.812697430000014   -0.239548809500435  0.970884322598176   
577       1.815839020000014   -0.242597742839207  0.970126968581596   
578       1.818980610000014   -0.245644281840243  0.969360039819667   
579       1.822122200000014   -0.248688396435483  0.968583543881654   
580       1.825263790000014   -0.251730056580796  0.967797488431244   
581       1.828405380000014   -0.254769232256276  0.967001881226476   
582       1.831546970000014   -0.257805893466535  0.966196730119657   
583       1.834688560000014   -0.260840010241004  0.965382043057290   
584       1.837830150000014   -0.263871552634227  0.964557828079995   
585       1.840971740000014   -0.266900490726154  0.963724093322427   
586       1.844113330000014   -0.269926794622440  0.962880847013196   
587       1.847254920000014   -0.272950434454737  0.962028097474791   
588       1.850396510000014   -0.275971380380992  0.961165853123490   
589       1.853538100000014   -0.278989602585737  0.960294122469282   
590       1.856679690000014   -0.282005071280390  0.959412914115783   
591       1.859821280000014   -0.285017756703540  0.958522236760148   
592       1.862962870000014   -0.288027629121251  0.957622099192989   
593       1.866104460000014   -0.291034658827345  0.956712510298286   
594       1.869246050000014   -0.294038816143705  0.955793479053297   
595       1.872387640000014   -0.297040071420561  0.954865014528475   
596       1.875529230000014   -0.300038395036784  0.953927125887375   
597       1.878670820000014   -0.303033757400181  0.952979822386563   
598       1.881812410000014   -0.306026128947784  0.952023113375527   
599       1.884954000000014   -0.309015480146145  0.951057008296582   
600       1.888095590000014   -0.312001781491623  0.950081516684779   
601       1.891237180000014   -0.314985003510681  0.949096648167811   
602       1.894378770000014   -0.317965116760170  0.948102412465915   
603       1.897520360000014   -0.320942091827626  0.947098819391781   
604       1.900661950000014   -0.323915899331556  0.946085878850449   
605       1.903803540000014   -0.326886509921731  0.945063600839217   
606       1.906945130000014   -0.329853894279472  0.944031995447540   
607       1.910086720000014   -0.332818023117944  0.942991072856929   
608       1.913228310000014   -0.335778867182440  0.941940843340851   
609       1.916369900000015   -0.338736397250676  0.940881317264632   
610       1.919511490000015   -0.341690584133071  0.939812505085348   
611       1.922653080000015   -0.344641398673045  0.938734417351726   
612       1.925794670000015   -0.347588811747297  0.937647064704039   
613       1.928936260000015   -0.350532794266100  0.936550457873999   
614       1.932077850000015   -0.353473317173583  0.935444607684656   
615       1.935219440000015   -0.356410351448022  0.934329525050287   
616       1.938361030000015   -0.359343868102124  0.933205220976287   
617       1.941502620000015   -0.362273838183312  0.932071706559065   
618       1.944644210000015   -0.365200232774013  0.930928992985933   
619       1.947785800000015   -0.368123022991943  0.929777091534993   
620       1.950927390000015   -0.371042179990391  0.928616013575027   
621       1.954068980000015   -0.373957674958504  0.927445770565388   
622       1.957210570000015   -0.376869479121574  0.926266374055882   
623       1.960352160000015   -0.379777563741316  0.925077835686656   
624       1.963493750000015   -0.382681900116159  0.923880167188085   
625       1.966635340000015   -0.385582459581523  0.922673380380652   
626       1.969776930000015   -0.388479213510106  0.921457487174838   
627       1.972918520000015   -0.391372133312163  0.920232499570996   
628       1.976060110000015   -0.394261190435794  0.918998429659239   
629       1.979201700000015   -0.397146356367218  0.917755289619318   
630       1.982343290000015   -0.400027602631061  0.916503091720504   
631       1.985484880000015   -0.402904900790634  0.915241848321462   
632       1.988626470000015   -0.405778222448212  0.913971571870135   
633       1.991768060000015   -0.408647539245320  0.912692274903618   
634       1.994909650000015   -0.411512822863006  0.911403970048034   
635       1.998051240000015   -0.414374045022127  0.910106670018409   
636       2.001192830000015   -0.417231177483621  0.908800387618550   
637       2.004334420000015   -0.420084192048793  0.907485135740916   
638       2.007476010000015   -0.422933060559589  0.906160927366489   
639       2.010617600000014   -0.425777754898873  0.904827775564649   
640       2.013759190000014   -0.428618246990709  0.903485693493045   
641       2.016900780000014   -0.431454508800634  0.902134694397461   
642       2.020042370000014   -0.434286512335935  0.900774791611691   
643       2.023183960000014   -0.437114229645929  0.899405998557405   
644       2.026325550000013   -0.439937632822235  0.898028328744013   
645       2.029467140000013   -0.442756693999050  0.896641795768538   
646       2.032608730000013   -0.445571385353425  0.895246413315477   
647       2.035750320000013   -0.448381679105541  0.893842195156669   
648       2.038891910000013   -0.451187547518978  0.892429155151156   
649       2.042033500000012   -0.453988962900996  0.891007307245050   
650       2.045175090000012   -0.456785897602802  0.889576665471391   
651       2.048316680000012   -0.459578324019827  0.888137243950012   
652       2.051458270000012   -0.462366214591995  0.886689056887399   
653       2.054599860000012   -0.465149541803999  0.885232118576550   
654       2.057741450000012   -0.467928278185569  0.883766443396831   
655       2.060883040000011   -0.470702396311746  0.882292045813843   
656       2.064024630000011   -0.473471868803150  0.880808940379268   
657       2.067166220000011   -0.476236668326251  0.879317141730735   
658       2.070307810000011   -0.478996767593640  0.877816664591668   
659       2.073449400000011   -0.481752139364298  0.876307523771146   
660       2.076590990000010   -0.484502756443864  0.874789734163755   
661       2.079732580000010   -0.487248591684904  0.873263310749440   
662       2.082874170000010   -0.489989617987178  0.871728268593359   
663       2.086015760000010   -0.492725808297909  0.870184622845732   
664       2.089157350000010   -0.495457135612048  0.868632388741693   
665       2.092298940000009   -0.498183572972544  0.867071581601142   
666       2.095440530000009   -0.500905093470606  0.865502216828588   
667       2.098582120000009   -0.503621670245970  0.863924309913001   
668       2.101723710000009   -0.506333276487167  0.862337876427660   
669       2.104865300000009   -0.509039885431781  0.860742932029997   
670       2.108006890000008   -0.511741470366721  0.859139492461441   
671       2.111148480000008   -0.514438004628479  0.857527573547268   
672       2.114290070000008   -0.517129461603396  0.855907191196439   
673       2.117431660000008   -0.519815814727922  0.854278361401448   
674       2.120573250000008   -0.522497037488882  0.852641100238158   
675       2.123714840000007   -0.525173103423734  0.850995423865651   
676       2.126856430000007   -0.527843986120833  0.849341348526059   
677       2.129998020000007   -0.530509659219689  0.847678890544412   
678       2.133139610000007   -0.533170096411228  0.846008066328470   
679       2.136281200000007   -0.535825271438055  0.844328892368566   
680       2.139422790000006   -0.538475158094708  0.842641385237441   
681       2.142564380000006   -0.541119730227920  0.840945561590082   
682       2.145705970000006   -0.543758961736876  0.839241438163554   
683       2.148847560000006   -0.546392826573469  0.837529031776840   
684       2.151989150000006   -0.549021298742562  0.835808359330670   
685       2.155130740000005   -0.551644352302239  0.834079437807358   
686       2.158272330000005   -0.554261961364064  0.832342284270633   
687       2.161413920000005   -0.556874100093337  0.830596915865471   
688       2.164555510000005   -0.559480742709345  0.828843349817922   
689       2.167697100000005   -0.562081863485623  0.827081603434948   
690       2.170838690000005   -0.564677436750201  0.825311694104245   
691       2.173980280000004   -0.567267436885863  0.823533639294073   
692       2.177121870000004   -0.569851838330396  0.821747456553085   
693       2.180263460000004   -0.572430615576844  0.819953163510155   
694       2.183405050000004   -0.575003743173760  0.818150777874201   
695       2.186546640000004   -0.577571195725456  0.816340317434011   
696       2.189688230000003   -0.580132947892256  0.814521800058069   
697       2.192829820000003   -0.582688974390741  0.812695243694377   
698       2.195971410000003   -0.585239249994005  0.810860666370277   
699       2.199113000000003   -0.587783749531900  0.809018086192278   
700       2.202254590000003   -0.590322447891286  0.807167521345870   
701       2.205396180000002   -0.592855320016276  0.805308990095352   
702       2.208537770000002   -0.595382340908487  0.803442510783644   
703       2.211679360000002   -0.597903485627286  0.801568101832114   
704       2.214820950000002   -0.600418729290034  0.799685781740389   
705       2.217962540000002   -0.602928047072334  0.797795569086178   
706       2.221104130000001   -0.605431414208273  0.795897482525084   
707       2.224245720000001   -0.607928805990671  0.793991540790425   
708       2.227387310000001   -0.610420197771321  0.792077762693044   
709       2.230528900000001   -0.612905564961232  0.790156167121126   
710       2.233670490000001   -0.615384883030877  0.788226773040012   
711       2.236812080000000   -0.617858127510427  0.786289599492010   
712       2.239953670000000   -0.620325273989999  0.784344665596208   
713       2.243095260000000   -0.622786298119896  0.782391990548288   
714       2.246236850000000   -0.625241175610843  0.780431593620329   
715       2.249378440000000   -0.627689882234231  0.778463494160627   
716       2.252520029999999   -0.630132393822356  0.776487711593496   
717       2.255661619999999   -0.632568686268654  0.774504265419078   
718       2.258803209999999   -0.634998735527944  0.772513175213153   
719       2.261944799999999   -0.637422517616661  0.770514460626946   
720       2.265086389999999   -0.639840008613095  0.768508141386928   
721       2.268227979999998   -0.642251184657626  0.766494237294627   
722       2.271369569999998   -0.644656021952960  0.764472768226430   
723       2.274511159999998   -0.647054496764363  0.762443754133387   
724       2.277652749999998   -0.649446585419899  0.760407215041013   
725       2.280794339999998   -0.651832264310656  0.758363171049095   
726       2.283935929999998   -0.654211509890988  0.756311642331486   
727       2.287077519999997   -0.656584298678741  0.754252649135912   
728       2.290219109999997   -0.658950607255488  0.752186211783772   
729       2.293360699999997   -0.661310412266756  0.750112350669931   
730       2.296502289999997   -0.663663690422263  0.748031086262529   
731       2.299643879999997   -0.666010418496142  0.745942439102770   
732       2.302785469999996   -0.668350573327175  0.743846429804723   
733       2.305927059999996   -0.670684131819017  0.741743079055119   
734       2.309068649999996   -0.673011070940425  0.739632407613146   
735       2.312210239999996   -0.675331367725491  0.737514436310243   
736       2.315351829999996   -0.677644999273859  0.735389186049896   
737       2.318493419999995   -0.679951942750958  0.733256677807434   
738       2.321635009999995   -0.682252175388228  0.731116932629814   
739       2.324776599999995   -0.684545674483337  0.728969971635423   
740       2.327918189999995   -0.686832417400416  0.726815816013864   
741       2.331059779999995   -0.689112381570271  0.724654487025746   
742       2.334201369999994   -0.691385544490616  0.722486006002477   
743       2.337342959999994   -0.693651883726288  0.720310394346055   
744       2.340484549999994   -0.695911376909471  0.718127673528852   
745       2.343626139999994   -0.698164001739918  0.715937865093404   
746       2.346767729999994   -0.700409735985168  0.713740990652201   
747       2.349909319999993   -0.702648557480769  0.711537071887468   
748       2.353050909999993   -0.704880444130494  0.709326130550959   
749       2.356192499999993   -0.707105373906559  0.707108188463734   
750       2.359334089999993   -0.709323324849843  0.704883267515949   
751       2.362475679999993   -0.711534275070103  0.702651389666640   
752       2.365617269999992   -0.713738202746189  0.700412576943502   
753       2.368758859999992   -0.715935086126263  0.698166851442675   
754       2.371900449999992   -0.718124903528007  0.695914235328527   
755       2.375042039999992   -0.720307633338846  0.693654750833431   
756       2.378183629999992   -0.722483254016153  0.691388420257548   
757       2.381325219999991   -0.724651744087467  0.689115265968611   
758       2.384466809999991   -0.726813082150703  0.686835310401695   
759       2.387608399999991   -0.728967246874363  0.684548576059003   
760       2.390749989999991   -0.731114216997746  0.682255085509643   
761       2.393891579999991   -0.733253971331160  0.679954861389401   
762       2.397033169999990   -0.735386488756129  0.677647926400523   
763       2.400174759999990   -0.737511748225602  0.675334303311488   
764       2.403316349999990   -0.739629728764163  0.673014014956782   
765       2.406457939999990   -0.741740409468233  0.670687084236677   
766       2.409599529999990   -0.743843769506281  0.668353534116999   
767       2.412741119999990   -0.745939788119029  0.666013387628909   
768       2.415882709999989   -0.748028444619652  0.663666667868668   
769       2.419024299999989   -0.750109718393991  0.661313397997413   
770       2.422165889999989   -0.752183588900747  0.658953601240929   
771       2.425307479999989   -0.754250035671690  0.656587300889418   
772       2.428449069999989   -0.756309038311861  0.654214520297269   
773       2.431590659999988   -0.758360576499767  0.651835282882830   
774       2.434732249999988   -0.760404629987589  0.649449612128173   
775       2.437873839999988   -0.762441178601380  0.647057531578866   
776       2.441015429999988   -0.764470202241260  0.644659064843739   
777       2.444157019999988   -0.766491680881619  0.642254235594649   
778       2.447298609999987   -0.768505594571313  0.639843067566251   
779       2.450440199999987   -0.770511923433860  0.637425584555759   
780       2.453581789999987   -0.772510647667637  0.635001810422715   
781       2.456723379999987   -0.774501747546077  0.632571769088749   
782       2.459864969999987   -0.776485203417861  0.630135484537349   
783       2.463006559999986   -0.778460995707113  0.627692980813619   
784       2.466148149999986   -0.780429104913595  0.625244282024044   
785       2.469289739999986   -0.782389511612895  0.622789412336251   
786       2.472431329999986   -0.784342196456623  0.620328395978772   
787       2.475572919999986   -0.786287140172602  0.617861257240805   
788       2.478714509999985   -0.788224323565054  0.615388020471971   
789       2.481856099999985   -0.790153727514793  0.612908710082077   
790       2.484997689999985   -0.792075332979414  0.610423350540875   
791       2.488139279999985   -0.793989120993479  0.607931966377818   
792       2.491280869999985   -0.795895072668703  0.605434582181822   
793       2.494422459999984   -0.797793169194147  0.602931222601018   
794       2.497564049999984   -0.799683391836394  0.600421912342512   
795       2.500705639999984   -0.801565721939742  0.597906676172142   
796       2.503847229999984   -0.803440140926383  0.595385538914233   
797       2.506988819999984   -0.805306630296592  0.592858525451348   
798       2.510130409999983   -0.807165171628902  0.590325660724048   
799       2.513271999999983   -0.809015746580292  0.587786969730643   
800       2.516413589999983   -0.810858336886364  0.585242477526946   
801       2.519555179999983   -0.812692924361527  0.582692209226026   
802       2.522696769999983   -0.814519490899175  0.580136189997958   
803       2.525838359999983   -0.816338018471862  0.577574445069579   
804       2.528979949999982   -0.818148489131487  0.575006999724232   
805       2.532121539999982   -0.819950885009465  0.572433879301525   
806       2.535263129999982   -0.821745188316907  0.569855109197074   
807       2.538404719999982   -0.823531381344793  0.567270714862256   
808       2.541546309999982   -0.825309446464149  0.564680721803958   
809       2.544687899999981   -0.827079366126219  0.562085155584320   
810       2.547829489999981   -0.828841122862641  0.559484041820492   
811       2.550971079999981   -0.830594699285616  0.556877406184372   
812       2.554112669999981   -0.832340078088083  0.554265274402359   
813       2.557254259999981   -0.834077242043886  0.551647672255094   
814       2.560395849999980   -0.835806174007947  0.549024625577211   
815       2.563537439999980   -0.837526856916434  0.546396160257077   
816       2.566679029999980   -0.839239273786931  0.543762302236541   
817       2.569820619999980   -0.840943407718603  0.541123077510674   
818       2.572962209999980   -0.842639241892364  0.538478512127514   
819       2.576103799999979   -0.844326759571044  0.535828632187809   
820       2.579245389999979   -0.846005944099553  0.533173463844762   
821       2.582386979999979   -0.847676778905046  0.530513033303767   
822       2.585528569999979   -0.849339247497085  0.527847366822155   
823       2.588670159999979   -0.850993333467805  0.525176490708935   
824       2.591811749999978   -0.852639020492072  0.522500431324529   
825       2.594953339999978   -0.854276292327646  0.519819215080520   
826       2.598094929999978   -0.855905132815345  0.517132868439385   
827       2.601236519999978   -0.857525525879195  0.514441417914235   
828       2.604378109999978   -0.859137455526600  0.511744890068556   
829       2.607519699999977   -0.860740905848491  0.509043311515944   
830       2.610661289999977   -0.862335861019487  0.506336708919844   
831       2.613802879999977   -0.863922305298052  0.503625108993285   
832       2.616944469999977   -0.865500223026647  0.500908538498619   
833       2.620086059999977   -0.867069598631888  0.498187024247254   
834       2.623227649999976   -0.868630416624697  0.495460593099393   
835       2.626369239999976   -0.870182661600458  0.492729271963764   
836       2.629510829999976   -0.871726318239163  0.489993087797360   
837       2.632652419999976   -0.873261371305572  0.487252067605166   
838       2.635794009999976   -0.874787805649357  0.484506238439901   
839       2.638935599999976   -0.876305606205250  0.481755627401743   
840       2.642077189999975   -0.877814757993200  0.479000261638068   
841       2.645218779999975   -0.879315246118513  0.476240168343177   
842       2.648360369999975   -0.880807055772001  0.473475374758031   
843       2.651501959999975   -0.882290172230130  0.470705908169980   
844       2.654643549999975   -0.883764580855165  0.467931795912496   
845       2.657785139999974   -0.885230267095312  0.465153065364899   
846       2.660926729999974   -0.886687216484864  0.462369743952092   
847       2.664068319999974   -0.888135414644343  0.459581859144287   
848       2.667209909999974   -0.889574847280642  0.456789438456737   
849       2.670351499999974   -0.891005500187167  0.453992509449458   
850       2.673493089999973   -0.892427359243973  0.451191099726964   
851       2.676634679999973   -0.893840410417911  0.448385236937992   
852       2.679776269999973   -0.895244639762759  0.445574948775228   
853       2.682917859999973   -0.896640033419364  0.442760262975034   
854       2.686059449999973   -0.898026577615776  0.439941207317176   
855       2.689201039999972   -0.899404258667389  0.437117809624549   
856       2.692342629999972   -0.900773062977068  0.434290097762901   
857       2.695484219999972   -0.902132977035291  0.431458099640558   
858       2.698625809999972   -0.903483987420278  0.428621843208152   
859       2.701767399999972   -0.904826080798124  0.425781356458342   
860       2.704908989999971   -0.906159243922931  0.422936667425538   
861       2.708050579999971   -0.907483463636941  0.420087804185624   
862       2.711192169999971   -0.908798726870661  0.417234794855683   
863       2.714333759999971   -0.910105020642996  0.414377667593718   
864       2.717475349999971   -0.911402332061376  0.411516450598374   
865       2.720616939999970   -0.912690648321882  0.408651172108659   
866       2.723758529999970   -0.913969956709375  0.405781860403669   
867       2.726900119999970   -0.915240244597618  0.402908543802303   
868       2.730041709999970   -0.916501499449404  0.400031250662987   
869       2.733183299999970   -0.917753708816678  0.397150009383397   
870       2.736324889999969   -0.918996860340660  0.394264848400171   
871       2.739466479999969   -0.920230941751966  0.391375796188637   
872       2.742608069999969   -0.921455940870733  0.388482881262524   
873       2.745749659999969   -0.922671845606733  0.385586132173687   
874       2.748891249999969   -0.923878643959499  0.382685577511822   
875       2.752032839999969   -0.925076324018438  0.379781245904184   
876       2.755174429999968   -0.926264873962951  0.376873166015305   
877       2.758316019999968   -0.927444282062549  0.373961366546711   
878       2.761457609999968   -0.928614536676971  0.371045876236638   
879       2.764599199999968   -0.929775626256296  0.368126723859751   
880       2.767740789999968   -0.930927539341057  0.365203938226855   
881       2.770882379999967   -0.932070264562357  0.362277548184617   
882       2.774023969999967   -0.933203790641978  0.359347582615276   
883       2.777165559999967   -0.934328106392495  0.356414070436361   
884       2.780307149999967   -0.935443200717383  0.353477040600403   
885       2.783448739999967   -0.936549062611130  0.350536522094652   
886       2.786590329999966   -0.937645681159344  0.347592543940790   
887       2.789731919999966   -0.938733045538861  0.344645135194643   
888       2.792873509999966   -0.939811145017853  0.341694324945897   
889       2.796015099999966   -0.940879968955929  0.338740142317809   
890       2.799156689999966   -0.941939506804248  0.335782616466919   
891       2.802298279999965   -0.942989748105616  0.332821776582763   
892       2.805439869999965   -0.944030682494593  0.329857651887587   
893       2.808581459999965   -0.945062299697594  0.326890271636056   
894       2.811723049999965   -0.946084589532991  0.323919665114965   
895       2.814864639999965   -0.947097541911214  0.320945861642952   
896       2.818006229999964   -0.948101146834847  0.317968890570206   
897       2.821147819999964   -0.949095394398733  0.314988781278182   
898       2.824289409999964   -0.950080274790065  0.312005563179304   
899       2.827430999999964   -0.951055778288489  0.309019265716681   
900       2.830572589999964   -0.952021895266195  0.306029918363814   
901       2.833714179999963   -0.952978616188014  0.303037550624304   
902       2.836855769999963   -0.953925931611514  0.300042192031564   
903       2.839997359999963   -0.954863832187089  0.297043872148522   
904       2.843138949999963   -0.955792308658054  0.294042620567337   
905       2.846280539999963   -0.956711351860739  0.291038466909099   
906       2.849422129999962   -0.957620952724571  0.288031440823542   
907       2.852563719999962   -0.958521102272173  0.285021571988749   
908       2.855705309999962   -0.959411791619449  0.282008890110861   
909       2.858846899999962   -0.960293011975667  0.278993424923781   
910       2.861988489999962   -0.961164754643554  0.275975206188883   
911       2.865130079999961   -0.962027011019376  0.272954263694717   
912       2.868271669999961   -0.962879772593026  0.269930627256715   
913       2.871413259999961   -0.963723030948104  0.266904326716898   
914       2.874554849999961   -0.964556777762005  0.263875391943580   
915       2.877696439999961   -0.965381004806000  0.260843852831074   
916       2.880838029999961   -0.966195703945312  0.257809739299397   
917       2.883979619999960   -0.967000867139205  0.254773081293973   
918       2.887121209999960   -0.967796486441057  0.251733908785341   
919       2.890262799999960   -0.968582553998438  0.248692251768855   
920       2.893404389999960   -0.969359062053193  0.245648140264392   
921       2.896545979999960   -0.970126002941514  0.242601604316052   
922       2.899687569999959   -0.970883369094016  0.239552673991865   
923       2.902829159999959   -0.971631153035815  0.236501379383491   
924       2.905970749999959   -0.972369347386596  0.233447750605924   
925       2.909112339999959   -0.973097944860692  0.230391817797199   
926       2.912253929999959   -0.973816938267153  0.227333611118086   
927       2.915395519999958   -0.974526320509815  0.224273160751800   
928       2.918537109999958   -0.975226084587373  0.221210496903699   
929       2.921678699999958   -0.975916223593452  0.218145649800988   
930       2.924820289999958   -0.976596730716669  0.215078649692420   
931       2.927961879999958   -0.977267599240704  0.212009526847997   
932       2.931103469999957   -0.977928822544368  0.208938311558670   
933       2.934245059999957   -0.978580394101664  0.205865034136043   
934       2.937386649999957   -0.979222307481854  0.202789724912072   
935       2.940528239999957   -0.979854556349525  0.199712414238768   
936       2.943669829999957   -0.980477134464645  0.196633132487892   
937       2.946811419999956   -0.981090035682629  0.193551910050660   
938       2.949953009999956   -0.981693253954402  0.190468777337444   
939       2.953094599999956   -0.982286783326450  0.187383764777466   
940       2.956236189999956   -0.982870617940891  0.184296902818504   
941       2.959377779999956   -0.983444752035521  0.181208221926588   
942       2.962519369999955   -0.984009179943877  0.178117752585699   
943       2.965660959999955   -0.984563896095295  0.175025525297472   
944       2.968802549999955   -0.985108895014958  0.171931570580888   
945       2.971944139999955   -0.985644171323956  0.168835918971981   
946       2.975085729999955   -0.986169719739338  0.165738601023530   
947       2.978227319999954   -0.986685535074162  0.162639647304762   
948       2.981368909999954   -0.987191612237546  0.159539088401047   
949       2.984510499999954   -0.987687946234722  0.156436954913598   
950       2.987652089999954   -0.988174532167082  0.153333277459169   
951       2.990793679999954   -0.988651365232228  0.150228086669750   
952       2.993935269999954   -0.989118440724017  0.147121413192271   
953       2.997076859999953   -0.989575754032611  0.144013287688291   
954       3.000218449999953   -0.990023300644520  0.140903740833704   
955       3.003360039999953   -0.990461076142647  0.137792803318429   
956       3.006501629999953   -0.990889076206331  0.134680505846112   
957       3.009643219999953   -0.991307296611393  0.131566879133821   
958       3.012784809999952   -0.991715733230172  0.128451953911741   
959       3.015926399999952   -0.992114382031571  0.125335760922877   
960       3.019067989999952   -0.992503239081093  0.122218330922742   
961       3.022209579999952   -0.992882300540883  0.119099694679060   
962       3.025351169999952   -0.993251562669764  0.115979882971460   
963       3.028492759999951   -0.993611021823274  0.112858926591171   
964       3.031634349999951   -0.993960674453702  0.109736856340722   
965       3.034775939999951   -0.994300517110123  0.106613703033633   
966       3.037917529999951   -0.994630546438434  0.103489497494114   
967       3.041059119999951   -0.994950759181383  0.100364270556761   
968       3.044200709999950   -0.995261152178606  0.097238053066250   
969       3.047342299999950   -0.995561722366654  0.094110875877032   
970       3.050483889999950   -0.995852466779026  0.090982769853033   
971       3.053625479999950   -0.996133382546197  0.087853765867344   
972       3.056767069999950   -0.996404466895645  0.084723894801918   
973       3.059908659999949   -0.996665717151883  0.081593187547268   
974       3.063050249999949   -0.996917130736481  0.078461675002157   
975       3.066191839999949   -0.997158705168091  0.075329388073299   
976       3.069333429999949   -0.997390438062476  0.072196357675048   
977       3.072475019999949   -0.997612327132530  0.069062614729097   
978       3.075616609999948   -0.997824370188300  0.065928190164172   
979       3.078758199999948   -0.998026565137011  0.062793114915726   
980       3.081899789999948   -0.998218909983085  0.059657419925633   
981       3.085041379999948   -0.998401402828157  0.056521136141885   
982       3.088182969999948   -0.998574041871100  0.053384294518284   
983       3.091324559999947   -0.998736825408041  0.050246926014138   
984       3.094466149999947   -0.998889751832372  0.047109061593956   
985       3.097607739999947   -0.999032819634776  0.043970732227140   
986       3.100749329999947   -0.999166027403232  0.040831968887681   
987       3.103890919999947   -0.999289373823037  0.037692802553855   
988       3.107032509999947   -0.999402857676813  0.034553264207914   
989       3.110174099999946   -0.999506477844521  0.031413384835780   
990       3.113315689999946   -0.999600233303475  0.028273195426745   
991       3.116457279999946   -0.999684123128348  0.025132726973156   
992       3.119598869999946   -0.999758146491182  0.021992010470117   
993       3.122740459999946   -0.999822302661397  0.018851076915180   
994       3.125882049999945   -0.999876591005801  0.015709957308039   
995       3.129023639999945   -0.999921010988588  0.012568682650223   
996       3.132165229999945   -0.999955562171353  0.009427283944794   
997       3.135306819999945   -0.999980244213089  0.006285792196035   
998       3.138448409999945   -0.999995056870197  0.003144238409149   
999       3.141589999999944   -0.999999999996480  0.000002653589953   
