Interval  Time                Result V            Result X            Width               Error Est.          
0         0.062831853071800   0.998026728446961   0.062790519019632   0.062831853071800   0.000000000026702   
1         0.125663706143600   0.992114701415788   0.125333232549300   0.062831853071800   0.000000000053404   
2         0.188495559215400   0.982287250975954   0.187381313075765   0.062831853071800   0.000000000080106   
3         0.251327412287200   0.968583161584082   0.248689885176249   0.062831853071800   0.000000000106808   
4         0.314159265359000   0.951056517019426   0.309016991929843   0.062831853071800   0.000000000133510   
5         0.376991118430800   0.929776486939898   0.368124549810916   0.062831853071800   0.000000000160212   
6         0.439822971502600   0.904827053901039   0.425779288296005   0.062831853071800   0.000000000186914   
7         0.502654824574400   0.876306681915240   0.481753670475988   0.062831853071800   0.000000000213615   
8         0.565486677646200   0.844327927859278   0.535826791040295   0.062831853071800   0.000000000240318   
9         0.628318530718000   0.809016997263752   0.587785248089234   0.062831853071800   0.000000000267020   
10        0.691150383789800   0.770513246237520   0.637423985333778   0.062831853071800   0.000000000293721   
11        0.753982236861600   0.728968631492809   0.684547101359050   0.062831853071800   0.000000000320423   
12        0.816814089933400   0.684547110641507   0.728968622757687   0.062831853071800   0.000000000347125   
13        0.879645943005200   0.637423995129381   0.770513238081911   0.062831853071800   0.000000000373828   
14        0.942477796077000   0.587785258361907   0.809016989717705   0.062831853071800   0.000000000400529   
15        1.005309649148800   0.535826801752210   0.844327920950602   0.062831853071800   0.000000000427232   
16        1.068141502220600   0.481753681587701   0.876306675669404   0.062831853071800   0.000000000453933   
17        1.130973355292400   0.425779299766602   0.904827048341078   0.062831853071800   0.000000000480635   
18        1.193805208364199   0.368124561598161   0.929776482086326   0.062831853071800   0.000000000507337   
19        1.256637061435999   0.309017003990336   0.951056512890163   0.062831853071800   0.000000000534039   
20        1.319468914507799   0.248689897465582   0.968583158194389   0.062831853071800   0.000000000560741   
21        1.382300767579599   0.187381325548684   0.982287248338374   0.062831853071800   0.000000000587443   
22        1.445132620651399   0.125333245159875   0.992114699540103   0.062831853071800   0.000000000614146   
23        1.507964473723199   0.062790531721422   0.998026727340152   0.062831853071800   0.000000000640848   
24        1.570796326794999   0.000000012746222   0.999999999666225   0.062831853071800   0.000000000667550   
25        1.633628179866799   -0.062790506277604  0.998026728914186   0.062831853071800   0.000000000694252   
26        1.696460032938599   -0.125333219861753  0.992114702682171   0.062831853071800   0.000000000720954   
27        1.759291886010399   -0.187381300492770  0.982287253036495   0.062831853071800   0.000000000747656   
28        1.822123739082199   -0.248689872747467  0.968583164430650   0.062831853071800   0.000000000774358   
29        1.884955592153999   -0.309016979704323  0.951056520640786   0.062831853071800   0.000000000801060   
30        1.947787445225799   -0.368124537836907  0.929776491321759   0.062831853071800   0.000000000827762   
31        2.010619298297599   -0.425779276620764  0.904827059026108   0.062831853071800   0.000000000854464   
32        2.073451151369399   -0.481753659145591  0.876306687763290   0.062831853071800   0.000000000881165   
33        2.136283004441199   -0.535826780099458  0.844327934407230   0.062831853071800   0.000000000907867   
34        2.199114857512999   -0.587785237581135  0.809017004485764   0.062831853071800   0.000000000934569   
35        2.261946710584799   -0.637423975299889  0.770513254105090   0.062831853071800   0.000000000961271   
36        2.324778563656599   -0.684547091838969  0.728968639974888   0.062831853071800   0.000000000987973   
37        2.387610416728398   -0.728968613788986  0.684547119704619   0.062831853071800   0.000000001014675   
38        2.450442269800198   -0.770513229699985  0.637424004737758   0.062831853071800   0.000000001041377   
39        2.513274122871998   -0.809016981955634  0.587785268477630   0.062831853071800   0.000000001068079   
40        2.576105975943798   -0.844327913839019  0.535826812335356   0.062831853071800   0.000000001094780   
41        2.638937829015598   -0.876306669236376  0.481753692596504   0.062831853071800   0.000000001121482   
42        2.701769682087398   -0.904827042611992  0.425779311157614   0.062831853071800   0.000000001148184   
43        2.764601535159198   -0.929776477083793  0.368124573326428   0.062831853071800   0.000000001174886   
44        2.827433388230998   -0.951056508633926  0.309017016009572   0.062831853071800   0.000000001201588   
45        2.890265241302798   -0.968583154701244  0.248689909728352   0.062831853071800   0.000000001228290   
46        2.953097094374598   -0.982287245622108  0.187381338006593   0.062831853071800   0.000000001254991   
47        3.015928947446398   -0.992114697611436  0.125333257763757   0.062831853071800   0.000000001281693   
48        3.078760800518198   -0.998026726206694  0.062790544421535   0.062831853071800   0.000000001308395   
49        3.141592653589998   -0.999999999332451  0.000000025492445   0.062831853071800   0.000000001335097   
50        3.204424506661798   -0.998026729381413  -0.062790493535575  0.062831853071800   0.000000001361799   
51        3.267256359733598   -0.992114703948554  -0.125333207174205  0.062831853071800   0.000000001388501   
52        3.330088212805398   -0.982287255097037  -0.187381287909775  0.062831853071800   0.000000001415203   
53        3.392920065877198   -0.968583167277219  -0.248689860318684  0.062831853071800   0.000000001441905   
54        3.455751918948998   -0.951056524262148  -0.309016967478803  0.062831853071800   0.000000001468607   
55        3.518583772020798   -0.929776495703622  -0.368124525862899  0.062831853071800   0.000000001495309   
56        3.581415625092597   -0.904827064151178  -0.425779264945523  0.062831853071800   0.000000001522011   
57        3.644247478164397   -0.876306693611341  -0.481753647815194  0.062831853071800   0.000000001548713   
58        3.707079331236197   -0.844327940955182  -0.535826769158621  0.062831853071800   0.000000001575416   
59        3.769911184307997   -0.809017011707777  -0.587785227073037  0.062831853071800   0.000000001602118   
60        3.832743037379797   -0.770513261972660  -0.637423965266000  0.062831853071800   0.000000001628820   
61        3.895574890451597   -0.728968648456966  -0.684547082318888  0.062831853071800   0.000000001655522   
62        3.958406743523397   -0.684547128767730  -0.728968604820285  0.062831853071800   0.000000001682224   
63        4.021238596595198   -0.637424014346135  -0.770513221318059  0.062831853071800   0.000000001708926   
64        4.084070449666998   -0.587785278593352  -0.809016974193563  0.062831853071800   0.000000001735628   
65        4.146902302738797   -0.535826822918502  -0.844327906727436  0.062831853071800   0.000000001762330   
66        4.209734155810597   -0.481753703605307  -0.876306662803347  0.062831853071800   0.000000001789032   
67        4.272566008882397   -0.425779322548627  -0.904827036882905  0.062831853071800   0.000000001815734   
68        4.335397861954197   -0.368124585054696  -0.929776472081259  0.062831853071800   0.000000001842436   
69        4.398229715025997   -0.309017028028808  -0.951056504377687  0.062831853071800   0.000000001869138   
70        4.461061568097797   -0.248689921991122  -0.968583151208099  0.062831853071800   0.000000001895839   
71        4.523893421169597   -0.187381350464502  -0.982287242905841  0.062831853071800   0.000000001922542   
72        4.586725274241397   -0.125333270367639  -0.992114695682767  0.062831853071800   0.000000001949244   
73        4.649557127313197   -0.062790557121648  -0.998026725073235  0.062831853071800   0.000000001975946   
74        4.712388980384997   -0.000000038238668  -0.999999998998675  0.062831853071800   0.000000002002648   
75        4.775220833456797   0.062790480793546   -0.998026729848637  0.062831853071800   0.000000002029350   
76        4.838052686528597   0.125333194486657   -0.992114705214935  0.062831853071800   0.000000002056052   
77        4.900884539600397   0.187381275326780   -0.982287257157577  0.062831853071800   0.000000002082754   
78        4.963716392672197   0.248689847889901   -0.968583170123785  0.062831853071800   0.000000002109456   
79        5.026548245743997   0.309016955253283   -0.951056527883507  0.062831853071800   0.000000002136158   
80        5.089380098815797   0.368124513888890   -0.929776500085482  0.062831853071800   0.000000002162860   
81        5.152211951887597   0.425779253270281   -0.904827069276246  0.062831853071800   0.000000002189562   
82        5.215043804959397   0.481753636484796   -0.876306699459391  0.062831853071800   0.000000002216264   
83        5.277875658031197   0.535826758217784   -0.844327947503134  0.062831853071800   0.000000002242966   
84        5.340707511102996   0.587785216564938   -0.809017018929789  0.062831853071800   0.000000002269667   
85        5.403539364174796   0.637423955232110   -0.770513269840230  0.062831853071800   0.000000002296369   
86        5.466371217246596   0.684547072798807   -0.728968656939044  0.062831853071800   0.000000002323071   
87        5.529203070318396   0.728968595851583   -0.684547137830842  0.062831853071800   0.000000002349773   
88        5.592034923390196   0.770513212936133   -0.637424023954513  0.062831853071800   0.000000002376475   
89        5.654866776461996   0.809016966431491   -0.587785288709075  0.062831853071800   0.000000002403177   
90        5.717698629533796   0.844327899615853   -0.535826833501649  0.062831853071800   0.000000002429879   
91        5.780530482605596   0.876306656370318   -0.481753714614109  0.062831853071800   0.000000002456581   
92        5.843362335677396   0.904827031153819   -0.425779333939639  0.062831853071800   0.000000002483283   
93        5.906194188749196   0.929776467078726   -0.368124596782963  0.062831853071800   0.000000002509985   
94        5.969026041820996   0.951056500121449   -0.309017040048044  0.062831853071800   0.000000002536687   
95        6.031857894892796   0.968583147714953   -0.248689934253892  0.062831853071800   0.000000002563389   
96        6.094689747964596   0.982287240189574   -0.187381362922411  0.062831853071800   0.000000002590091   
97        6.157521601036396   0.992114693754098   -0.125333282971521  0.062831853071800   0.000000002616793   
98        6.220353454108196   0.998026723939777   -0.062790569821760  0.062831853071800   0.000000002643495   
99        6.283185307179996   0.999999998664901   -0.000000050984890  0.062831853071800   0.000000002670196   
