Interval  Time                Result V            Result X            
1         0.030081359190322   0.999547590031436   0.030076822671737   
2         0.061203235725100   0.998127666533745   0.061165033304867   
3         0.092325112259877   0.995741063354844   0.092194006029970   
4         0.123446988794654   0.992390091903261   0.123133689503449   
5         0.154568865329431   0.988077997571469   0.153954118857722   
6         0.185690741864208   0.982808956592742   0.184625444721990   
7         0.216812618398985   0.976588071996508   0.215117962131144   
8         0.249096991122225   0.969135434642807   0.246528921866215   
9         0.281381363845465   0.960672773841492   0.277682951576117   
10        0.313665736568705   0.951208909294673   0.308547582836550   
11        0.345950109291945   0.940753704149188   0.339090648831442   
12        0.378234482015185   0.929318054717329   0.369280317876889   
13        0.410518854738424   0.916913879120805   0.399085126595821   
14        0.444106756861390   0.902994808902608   0.429651457682485   
15        0.477694658984355   0.888057123416194   0.459733124261101   
16        0.511282561107321   0.872117672984910   0.489296192975054   
17        0.544870463230286   0.855194437964142   0.518307315467444   
18        0.578458365353252   0.837306508458739   0.546733765999398   
19        0.613308804893349   0.817748028020588   0.575576374305714   
20        0.648159244433446   0.797196449672261   0.603719985274329   
21        0.683009683973543   0.775676731871389   0.631130420453838   
22        0.717860123513641   0.753215008813401   0.657774391783663   
23        0.753901714049477   0.729023747028772   0.684488404763234   
24        0.789943304585314   0.703885588641400   0.710313366120325   
25        0.825984895121151   0.677833184489989   0.735215732958324   
26        0.862026485656987   0.650900372886512   0.759163160697708   
27        0.898068076192824   0.623122135665118   0.782124545086986   
28        0.934109666728661   0.594534552745788   0.804070062602630   
29        0.970151257264497   0.565174755271724   0.824971209185525   
30        1.006192847800334   0.535080877381354   0.844800837263630   
31        1.042234438336171   0.504292006677591   0.863533191012752   
32        1.078276028872007   0.472848133458684   0.881143939809646   
33        1.114317619407844   0.440790098776587   0.897610209833980   
34        1.150359209943681   0.408159541390335   0.912910613778126   
35        1.186400800479517   0.374998843683301   0.927025278626187   
36        1.222442391015354   0.341351076614606   0.939935871466171   
37        1.258483981551191   0.307259943776151   0.951625623301803   
38        1.294525572087027   0.272769724627970   0.962079350833027   
39        1.330567162622864   0.237925216985598   0.971283476176920   
40        1.366608753158701   0.202771678834179   0.979226044503404   
41        1.402650343694537   0.167354769544874   0.985896739562844   
42        1.434290492543288   0.136082292052203   0.990697536970516   
43        1.465930641392039   0.104673594075340   0.994506630783598   
44        1.497570790240789   0.073160116207929   0.997320208040126   
45        1.529210939089540   0.041573403929911   0.999135452305644   
46        1.560851087938290   0.009945076030006   0.999950546492498   
47        1.592491236787041   -0.021693207045183  0.999764674678770   
48        1.624131385635791   -0.053309774883768  0.998578022925028   
49        1.655771534484542   -0.084872978811150  0.996391779088077   
50        1.687411683333292   -0.116351223570830  0.993208131631893   
51        1.719051832182043   -0.147712998951757  0.989030267436941   
52        1.750691981030793   -0.178926911330532  0.983862368610056   
53        1.782332129879544   -0.209961715096914  0.977709608298088   
54        1.813972278728295   -0.240786343931158  0.970578145509505   
55        1.845612427577045   -0.271369941901888  0.962475118949126   
56        1.877252576425796   -0.301681894353357  0.953408639872171   
57        1.910124314816956   -0.332853473226152  0.942978560373603   
58        1.942996053208117   -0.363665419269711  0.931529636023365   
59        1.975867791599278   -0.394084441597142  0.919074236856283   
60        2.008739529990439   -0.424077673857508  0.905625820356811   
61        2.041611268381600   -0.453612709746405  0.891198916918843   
62        2.075634686436786   -0.483665969249204  0.875252666462862   
63        2.109658104491972   -0.513159394432103  0.858293327403589   
64        2.143681522547158   -0.542058847206675  0.840340529859024   
65        2.177704940602345   -0.570330876996453  0.821415053856793   
66        2.211728358657531   -0.597942759455349  0.801538805281660   
67        2.247093656541507   -0.625909623717478  0.779895597432390   
68        2.282458954425484   -0.653093741713666  0.757277072470950   
69        2.317824252309460   -0.679461117694293  0.733711516535281   
70        2.353189550193436   -0.704978777306021  0.709228400095582   
71        2.389844024263799   -0.730495816167943  0.682917171049396   
72        2.426498498334162   -0.755031506916603  0.655688511044056   
73        2.463152972404525   -0.778552888303915  0.627578999062673   
74        2.499807446474888   -0.801028361705036  0.598626397424945   
75        2.536461920545251   -0.822427733567960  0.568869601057252   
76        2.573116394615614   -0.842722255975539  0.538348585241212   
77        2.609770868685977   -0.861884665265431  0.507104351910886   
78        2.646425342756340   -0.879889218656112  0.475178874570775   
79        2.683079816826702   -0.896711728829724  0.442615041908615   
80        2.719734290897065   -0.912329596425324  0.409456600178713   
81        2.756388764967428   -0.926721840398863  0.375748094433223   
82        2.793043239037791   -0.939869126209120  0.341534808680324   
83        2.829697713108154   -0.951753791791734  0.306862705049678   
84        2.866352187178517   -0.962359871286410  0.271778362046909   
85        2.903006661248880   -0.971673116485466  0.236328911980030   
86        2.935095562593049   -0.978755128424339  0.205032676714776   
87        2.967184463937218   -0.984829405044233  0.173525337912125   
88        2.999273365281387   -0.989889692213847  0.141839335819078   
89        3.031362266625556   -0.993930779814779  0.110007294636009   
90        3.063451167969725   -0.996948507105916  0.078061988926486   
91        3.095540069313894   -0.998939767007372  0.046036309872282   
92        3.127628970658063   -0.999902509299564  0.013963231408306   
93        3.141590000000000   -0.999999999963935  0.000002655846380   
