Interval  Time                Result V            Result X            Width               
0         0.000000000000000   1.000000000000000   0.000000000000000   0.125663706143600   
1         0.125663706143600   0.992104316479127   0.125663706143600   0.125663706143600   
2         0.251327412287200   0.968479607734772   0.249343010579660   0.125663706143600   
3         0.376991118430800   0.929499432445236   0.369077013912433   0.125663706143600   
4         0.502654824574400   0.875780813673168   0.482967242155193   0.125663706143600   
5         0.628318530718000   0.808174471939578   0.589207748475815   0.125663706143600   
6         0.753982236861600   0.727751352717497   0.686113749920378   0.125663706143600   
7         0.879645943005200   0.635785661703475   0.772148345025187   0.125663706143600   
8         1.005309649148800   0.533734676603044   0.845946888624322   0.125663706143600   
9         1.130973355292400   0.423215655287292   0.906338637275572   0.125663706143600   
10        1.256637061436000   0.305980206230876   0.952365321974299   0.125663706143600   
11        1.382300767579600   0.183886527396893   0.983296353517291   0.125663706143600   
12        1.507964473723200   0.058869953552344   0.998640419245260   0.125663706143600   
13        1.633628179866800   -0.067087721156952  0.998153287087638   0.125663706143600   
14        1.759291886010399   -0.191989659097409  0.981841692950164   0.125663706143600   
15        1.884955592153999   -0.313855635492320  0.949963249571605   0.125663706143600   
16        2.010619298297599   -0.430753433364616  0.903022378046508   0.125663706143600   
17        2.136283004441199   -0.540829479335171  0.841762326266509   0.125663706143600   
18        2.261946710584799   -0.642338234538290  0.767153400573545   0.125663706143600   
19        2.387610416728399   -0.733669874621757  0.680377596960836   0.125663706143600   
20        2.513274122871999   -0.813375819894120  0.582809875249662   0.125663706143600   
21        2.638937829015599   -0.880191710737668  0.475996372906367   0.125663706143600   
22        2.764601535159199   -0.933057463882313  0.361629903700644   0.125663706143600   
23        2.890265241302798   -0.971134091392086  0.241523129472940   0.125663706143600   
24        3.015928947446398   -0.993817015519095  0.117579830192924   0.125663706143600   
25        3.141592653589998   -1.000745668116676  -0.008235272333418  0.125663706143600   
26        3.267256359733598   -0.991809222193823  -0.133927658792060  0.125663706143600   
27        3.392920065877198   -0.967148364503352  -0.257504631031824  0.125663706143600   
28        3.518583772020798   -0.927153080814905  -0.377006903834250  0.125663706143600   
29        3.644247478164398   -0.872456488735853  -0.490539668934048  0.125663706143600   
30        3.769911184307998   -0.803924815606356  -0.596302638777291  0.125663706143600   
31        3.895574890451598   -0.722643680115790  -0.692618593648749  0.125663706143600   
32        4.021238596595198   -0.629900894897367  -0.777959979497227  0.125663706143600   
33        4.146902302738797   -0.527166062526722  -0.850973134663186  0.125663706143600   
34        4.272566008882397   -0.416067288203654  -0.910499761277357  0.125663706143600   
35        4.398229715025997   -0.298365378127634  -0.955595300757270  0.125663706143600   
36        4.523893421169597   -0.175925932461787  -0.985543921888912  0.125663706143600   
37        4.649557127313197   -0.050689775184095  -0.999869883665675  0.125663706143600   
38        4.775220833456797   0.075357810481302   -0.998345092515418  0.125663706143600   
39        4.900884539600397   0.200218553394679   -0.980992733868353  0.125663706143600   
40        5.026548245743997   0.321912873699907   -0.948086920247167  0.125663706143600   
41        5.152211951887597   0.438511267672409   -0.900148361210150  0.125663706143600   
42        5.277875658031197   0.548164900631286   -0.837936123546760  0.125663706143600   
43        5.403539364174796   0.649134922855138   -0.762435612113362  0.125663706143600   
44        5.529203070318396   0.739820043655957   -0.674842961621856  0.125663706143600   
45        5.654866776461996   0.818781926351177   -0.576546086605474  0.125663706143600   
46        5.780530482605596   0.884768001393531   -0.469102689781754  0.125663706143600   
47        5.906194188749196   0.936731335825039   -0.354215577272070  0.125663706143600   
48        6.031857894892796   0.973847243867084   -0.233705671855147  0.125663706143600   
49        6.157521601036396   0.995526375103933   -0.109483151951078  0.125663706143600   
