Intervals Result V            Result X            Analytic Error V    Analytic Error X    
1         0.500000000000000   1.000000000000000   0.074592141159537   0.188395105778121   
2         0.515625000000000   0.875000000000000   0.045673145570773   0.039845717555856   
3         0.527606310013717   0.854938271604938   0.023497948678977   0.016004457717715   
4         0.532715797424316   0.848602294921875   0.014041229070147   0.008474814037238   
5         0.535283996800000   0.845856160000000   0.009287965299494   0.005211320736276   
6         0.536744205974494   0.844430946298803   0.006585387208238   0.003517603749086   
7         0.537650619025994   0.843599965948942   0.004907783685812   0.002530070768312   
8         0.538250880462215   0.843074359266437   0.003796810384936   0.001905442359259   
9         0.538668545457299   0.842721297901314   0.003023789447309   0.001485865960908   
10        0.538970697569426   0.842472916649789   0.002464561569054   0.001190690897228   
11        0.539196262878907   0.842291656633650   0.002047081748903   0.000975282381176   
12        0.539369070193078   0.842155384497895   0.001727247255705   0.000813337241990   
13        0.539504361875557   0.842050379150551   0.001476847283302   0.000688549401126   
14        0.539612252683207   0.841967771639654   0.001277161280709   0.000590379039476   
15        0.539699667105276   0.841901624871438   0.001115373294392   0.000511770543865   
16        0.539771474118960   0.841847844108397   0.000982471744826   0.000447857748282   
17        0.539831177787934   0.841803531777268   0.000871971255885   0.000395197190842   
18        0.539881351716464   0.841766591091363   0.000779108560344   0.000351297060508   
19        0.539923920399545   0.841735474642452   0.000700321772618   0.000314318424913   
20        0.539960346139216   0.841709020422788   0.000632904441105   0.000282880359738   
21        0.539991756074467   0.841686342198555   0.000574770439251   0.000255929669052   
22        0.540019030282457   0.841666754590805   0.000524290906416   0.000232651851868   
23        0.540042864007271   0.841649720857204   0.000480179073921   0.000212409046223   
24        0.540063812346382   0.841634815844345   0.000441407558634   0.000194696001890   
25        0.540082322825593   0.841621699277171   0.000407148072769   0.000179108337656   
26        0.540098759472878   0.841610096217284   0.000376726867627   0.000165319318074   
27        0.540113420834700   0.841599782573504   0.000349591388726   0.000153062634283   
28        0.540126553615771   0.841590574225761   0.000325285031101   0.000142119478894   
29        0.540138363116250   0.841582318768401   0.000303427821997   0.000132308733771   
30        0.540149021297610   0.841574889176199   0.000283701492414   0.000123479442759   
31        0.540158673073425   0.841568178898069   0.000265837834033   0.000115504981072   
32        0.540167441257814   0.841562098022310   0.000249609540550   0.000108278498080   
33        0.540175430489150   0.841556570254105   0.000234822945621   0.000101709325400   
34        0.540182730364524   0.841551530514513   0.000221312221541   0.000095720123535   
35        0.540189417961311   0.841546923019105   0.000208934712294   0.000090244598542   
36        0.540195559879045   0.841542699729817   0.000197567154416   0.000085225662222   
37        0.540201213903123   0.841538819099432   0.000187102597785   0.000080613940065   
38        0.540206430368306   0.841535245047153   0.000177447882032   0.000076366553829   
39        0.540211253282363   0.841531946117916   0.000168521556891   0.000072446122469   
40        0.540215721256882   0.841528894788732   0.000160252159425   0.000068819937801   
41        0.540219868282170   0.841526066893392   0.000152576779840   0.000065459280819   
42        0.540223724375379   0.841523441143009   0.000145439861921   0.000062338851915   
43        0.540227316125014   0.841520998724582   0.000138792195242   0.000059436293810   
44        0.540230667150347   0.841518722963393   0.000132590064885   0.000056731790351   
45        0.540233798490577   0.841516599037921   0.000126794531170   0.000054207727714   
46        0.540236728935767   0.841514613738105   0.000121370817153   0.000051848407130   
47        0.540239475309305   0.841512755259630   0.000116287785842   0.000049639800406   
48        0.540242052709825   0.841511013028184   0.000111517492449   0.000047569341082   
49        0.540244474719111   0.841509377548832   0.000107034799595   0.000045625745425   
50        0.540246753581346   0.841507840276475   0.000102817045551   0.000043798858480   
51        0.540248900358126   0.841506393504082   0.000098843757345   0.000042079521248   
52        0.540250925062909   0.841505030265974   0.000095096401908   0.000040459455754   
53        0.540252836777975   0.841503744253881   0.000091558169617   0.000038931165276   
54        0.540254643756423   0.841502529743874   0.000088213785503   0.000037487847527   
55        0.540256353511388   0.841501381532609   0.000085049344141   0.000036123318879   
56        0.540257972894236   0.841500294881530   0.000082052164912   0.000034831948056   
57        0.540259508163303   0.841499265467935   0.000079210664793   0.000033608597978   
58        0.540260965044434   0.841498289341940   0.000076514246297   0.000032448574622   
59        0.540262348784445   0.841497362888553   0.000073953198535   0.000031347581952   
60        0.540263664198412   0.841496482794177   0.000071518609689   0.000030301682103   
61        0.540264915711618   0.841495646016953   0.000069202289377   0.000029307260145   
62        0.540266107396805   0.841494849760454   0.000066996699703   0.000028360992819   
63        0.540267243007350   0.841494091450299   0.000064894893857   0.000027459820742   
64        0.540268326006852   0.841493368713336   0.000062890461356   0.000026600923672   
65        0.540269359595568   0.841492679359051   0.000060977479115   0.000025781698414   
66        0.540270346734077   0.841492021362965   0.000059150467647   0.000024999739085   
67        0.540271290164504   0.841491392851756   0.000057404351785   0.000024252819441   
68        0.540272192429578   0.841490792089919   0.000055734425404   0.000023538877014   
69        0.540273055889783   0.841490217467772   0.000054136319685   0.000022855998867   
70        0.540273882738810   0.841489667490675   0.000052605974509   0.000022202408777   
71        0.540274675017502   0.841489140769294   0.000051139612654   0.000021576455666   
72        0.540275434626456   0.841488636010831   0.000049733716463   0.000020976603178   
73        0.540276163337433   0.841488152011081   0.000048385006732   0.000020401420244   
74        0.540276862803698   0.841487687647247   0.000047090423576   0.000019849572536   
75        0.540277534569399   0.841487241871425   0.000045847109056   0.000019319814731   
76        0.540278180078106   0.841486813704687   0.000044652391396   0.000018810983475   
77        0.540278800680560   0.841486402231707   0.000043503770619   0.000018321991000   
78        0.540279397641754   0.841486006595866   0.000042398905458   0.000017851819302   
79        0.540279972147377   0.841485625994786   0.000041335601423   0.000017399514842   
80        0.540280525309707   0.841485259676266   0.000040311799887   0.000016964183706   
81        0.540281058173004   0.841484906934566   0.000039325568122   0.000016544987196   
82        0.540281571718431   0.841484567106993   0.000038375090174   0.000016141137772   
83        0.540282066868584   0.841484239570805   0.000037458658487   0.000015751895368   
84        0.540282544491630   0.841483923740341   0.000036574666247   0.000015376563991   
85        0.540283005405120   0.841483619064412   0.000035721600315   0.000015014488608   
86        0.540283450379488   0.841483325023892   0.000034898034762   0.000014665052294   
87        0.540283880141269   0.841483041129504   0.000034102624903   0.000014327673592   
88        0.540284295376072   0.841482766919785   0.000033334101802   0.000014001804104   
89        0.540284696731314   0.841482501959212   0.000032591267212   0.000013686926256   
90        0.540285084818742   0.841482245836471   0.000031872988900   0.000013382551244   
91        0.540285460216768   0.841481998162856   0.000031178196333   0.000013088217132   
92        0.540285823472626   0.841481758570800   0.000030505876683   0.000012803487105   
93        0.540286175104362   0.841481526712507   0.000029855071137   0.000012527947845   
94        0.540286515602692   0.841481302258690   0.000029224871476   0.000012261208028   
95        0.540286845432705   0.841481084897405   0.000028614416904   0.000012002896940   
96        0.540287165035456   0.841480874332957   0.000028022891111   0.000011752663181   
97        0.540287474829439   0.841480670284907   0.000027449519537   0.000011510173476   
98        0.540287775211963   0.841480472487127   0.000026893566840   0.000011275111563   
99        0.540288066560421   0.841480280686940   0.000026354334534   0.000011047177159   
100       0.540288349233479   0.841480094644308   0.000025831158796   0.000010826085006   
101       0.540288623572176   0.841479914131079   0.000025323408423   0.000010611563968   
102       0.540288889900959   0.841479738930297   0.000024830482927   0.000010403356216   
103       0.540289148528637   0.841479568835537   0.000024351810754   0.000010201216436   
104       0.540289399749281   0.841479403650306   0.000023886847638   0.000010004911116   
105       0.540289643843059   0.841479243187473   0.000023435075037   0.000009814217870   
106       0.540289881077017   0.841479087268736   0.000022995998699   0.000009628924807   
107       0.540290111705806   0.841478935724131   0.000022569147311   0.000009448829940   
108       0.540290335972373   0.841478788391566   0.000022154071224   0.000009273740641   
109       0.540290554108597   0.841478645116389   0.000021750341272   0.000009103473122   
110       0.540290766335886   0.841478505750978   0.000021357547670   0.000008937851949   
111       0.540290972865743   0.841478370154367   0.000020975298964   0.000008776709600   
112       0.540291173900295   0.841478238191885   0.000020603221056   0.000008619886032   
113       0.540291369632780   0.841478109734822   0.000020240956295   0.000008467228288   
114       0.540291560248020   0.841477984660119   0.000019888162614   0.000008318590122   
115       0.540291745922849   0.841477862850064   0.000019544512722   0.000008173831649   
116       0.540291926826533   0.841477744192027   0.000019209693339   0.000008032819019   
117       0.540292103121149   0.841477628578192   0.000018883404494   0.000007895424103   
118       0.540292274961947   0.841477515905312   0.000018565358845   0.000007761524203   
119       0.540292442497699   0.841477406074480   0.000018255281042   0.000007631001781   
120       0.540292605871014   0.841477298990915   0.000017952907142   0.000007503744196   
121       0.540292765218646   0.841477194563752   0.000017657984040   0.000007379643467   
122       0.540292920671777   0.841477092705852   0.000017370268942   0.000007258596037   
123       0.540293072356291   0.841476993333619   0.000017089528859   0.000007140502562   
124       0.540293220393024   0.841476896366834   0.000016815540147   0.000007025267709   
125       0.540293364898011   0.841476801728481   0.000016548088046   0.000006912799954   
126       0.540293505982706   0.841476709344607   0.000016286966275   0.000006803011410   
127       0.540293643754203   0.841476619144170   0.000016031976623   0.000006695817652   
128       0.540293778315436   0.841476531058904   0.000015782928577   0.000006591137553   
129       0.540293909765375   0.841476445023191   0.000015539638964   0.000006488893132   
130       0.540294038199201   0.841476360973937   0.000015301931620   0.000006389009411   
131       0.540294163708487   0.841476278850459   0.000015069637061   0.000006291414271   
132       0.540294286381354   0.841476198594372   0.000014842592191   0.000006196038330   
133       0.540294406302629   0.841476120149485   0.000014620640009   0.000006102814811   
134       0.540294523553996   0.841476043461710   0.000014403629338   0.000006011679434   
135       0.540294638214123   0.841475968478959   0.000014191414573   0.000005922570300   
136       0.540294750358806   0.841475895151061   0.000013983855430   0.000005835427784   
137       0.540294860061091   0.841475823429676   0.000013780816716   0.000005750194441   
138       0.540294967391390   0.841475753268217   0.000013582168113   0.000005666814907   
139       0.540295072417593   0.841475684621773   0.000013387783966   0.000005585235809   
140       0.540295175205184   0.841475617447039   0.000013197543077   0.000005505405684   
141       0.540295275817332   0.841475551702246   0.000013011328531   0.000005427274894   
142       0.540295374314998   0.841475487347094   0.000012829027504   0.000005350795546   
143       0.540295470757018   0.841475424342696   0.000012650531096   0.000005275921427   
144       0.540295565200199   0.841475362651513   0.000012475734173   0.000005202607928   
145       0.540295657699399   0.841475302237302   0.000012304535200   0.000005130811975   
146       0.540295748307604   0.841475243065063   0.000012136836109   0.000005060491976   
147       0.540295837076011   0.841475185100986   0.000011972542146   0.000004991607751   
148       0.540295924054094   0.841475128312404   0.000011811561744   0.000004924120477   
149       0.540296009289674   0.841475072667745   0.000011653806392   0.000004857992637   
150       0.540296092828987   0.841475018136491   0.000011499190519   0.000004793187962   
151       0.540296174716747   0.841474964689136   0.000011347631366   0.000004729671386   
152       0.540296254996201   0.841474912297144   0.000011199048890   0.000004667408999   
153       0.540296333709194   0.841474860932910   0.000011053365646   0.000004606367996   
154       0.540296410896214   0.841474810569731   0.000010910506695   0.000004546516640   
155       0.540296486596454   0.841474761181760   0.000010770399501   0.000004487824217   
156       0.540296560847854   0.841474712743981   0.000010632973843   0.000004430260997   
157       0.540296633687152   0.841474665232176   0.000010498161726   0.000004373798201   
158       0.540296705149929   0.841474618622892   0.000010365897295   0.000004318407956   
159       0.540296775270652   0.841474572893417   0.000010236116758   0.000004264063271   
160       0.540296844082716   0.841474528021743   0.000010108758309   0.000004210737994   
161       0.540296911618486   0.841474483986551   0.000009983762045   0.000004158406788   
162       0.540296977909328   0.841474440767180   0.000009861069912   0.000004107045098   
163       0.540297042985653   0.841474398343599   0.000009740625626   0.000004056629122   
164       0.540297106876952   0.841474356696393   0.000009622374607   0.000004007135786   
165       0.540297169611820   0.841474315806731   0.000009506263927   0.000003958542712   
166       0.540297231217999   0.841474275656354   0.000009392242242   0.000003910828201   
167       0.540297291722404   0.841474236227545   0.000009280259739   0.000003863971197   
168       0.540297351151149   0.841474197503118   0.000009170268083   0.000003817951277   
169       0.540297409529584   0.841474159466395   0.000009062220359   0.000003772748622   
170       0.540297466882313   0.841474122101187   0.000008956071026   0.000003728343992   
171       0.540297523233224   0.841474085391781   0.000008851775873   0.000003684718714   
172       0.540297578605515   0.841474049322920   0.000008749291967   0.000003641854656   
173       0.540297633021717   0.841474013879788   0.000008648577605   0.000003599734211   
174       0.540297686503711   0.841473979047992   0.000008549592290   0.000003558340275   
175       0.540297739072765   0.841473944813557   0.000008452296659   0.000003517656240   
176       0.540297790749536   0.841473911162900   0.000008356652480   0.000003477665964   
177       0.540297841554104   0.841473878082822   0.000008262622586   0.000003438353762   
178       0.540297891505990   0.841473845560498   0.000008170170851   0.000003399704391   
179       0.540297940624164   0.841473813583459   0.000008079262161   0.000003361703033   
180       0.540297988927083   0.841473782139582   0.000007989862360   0.000003324335284   
181       0.540298036432685   0.841473751217080   0.000007901938244   0.000003287587134   
182       0.540298083158424   0.841473720804489   0.000007815457514   0.000003251444960   
183       0.540298129121275   0.841473690890662   0.000007730388746   0.000003215895515   
184       0.540298174337756   0.841473661464751   0.000007646701373   0.000003180925905   
185       0.540298218823941   0.841473632516201   0.000007564365642   0.000003146523591   
186       0.540298262595472   0.841473604034746   0.000007483352605   0.000003112676368   
187       0.540298305667575   0.841473576010387   0.000007403634080   0.000003079372358   
188       0.540298348055070   0.841473548433397   0.000007325182637   0.000003046599997   
189       0.540298389772394   0.841473521294303   0.000007247971558   0.000003014348032   
190       0.540298430833596   0.841473494583885   0.000007171974841   0.000002982605502   
191       0.540298471252365   0.841473468293161   0.000007097167147   0.000002951361733   
192       0.540298511042035   0.841473442413384   0.000007023523801   0.000002920606334   
193       0.540298550215591   0.841473416936034   0.000006951020768   0.000002890329175   
194       0.540298588785690   0.841473391852812   0.000006879634622   0.000002860520397   
195       0.540298626764662   0.841473367155629   0.000006809342543   0.000002831170385   
196       0.540298664164526   0.841473342836603   0.000006740122288   0.000002802269774   
197       0.540298700996995   0.841473318888054   0.000006671952175   0.000002773809435   
198       0.540298737273489   0.841473295302495   0.000006604811069   0.000002745780473   
199       0.540298773005143   0.841473272072628   0.000006538678363   0.000002718174212   
200       0.540298808202811   0.841473249191335   0.000006473533965   0.000002690982196   
201       0.540298842877082   0.841473226651678   0.000006409358280   0.000002664196178   
202       0.540298877038281   0.841473204446889   0.000006346132196   0.000002637808115   
203       0.540298910696481   0.841473182570367   0.000006283837070   0.000002611810163   
204       0.540298943861509   0.841473161015674   0.000006222454715   0.000002586194672   
205       0.540298976542954   0.841473139776528   0.000006161967383   0.000002560954175   
206       0.540299008750170   0.841473118846800   0.000006102357762   0.000002536081389   
207       0.540299040492289   0.841473098220509   0.000006043608949   0.000002511569205   
208       0.540299071778224   0.841473077891816   0.000005985704449   0.000002487410686   
209       0.540299102616674   0.841473057855026   0.000005928628161   0.000002463599062   
210       0.540299133016131   0.841473038104575   0.000005872364368   0.000002440127723   
211       0.540299162984889   0.841473018635033   0.000005816897720   0.000002416990215   
212       0.540299192531047   0.841472999441100   0.000005762213226   0.000002394180239   
213       0.540299221662512   0.841472980517597   0.000005708296253   0.000002371691641   
214       0.540299250387007   0.841472961859468   0.000005655132505   0.000002349518412   
215       0.540299278712081   0.841472943461774   0.000005602708013   0.000002327654682   
216       0.540299306645104   0.841472925319691   0.000005551009136   0.000002306094719   
217       0.540299334193276   0.841472907428505   0.000005500022546   0.000002284832922   
218       0.540299361363636   0.841472889783610   0.000005449735217   0.000002263863815   
219       0.540299388163061   0.841472872380509   0.000005400134419   0.000002243182055   
220       0.540299414598273   0.841472855214803   0.000005351207714   0.000002222782413   
221       0.540299440675840   0.841472838282192   0.000005302942942   0.000002202659782   
222       0.540299466402186   0.841472821578477   0.000005255328216   0.000002182809168   
223       0.540299491783591   0.841472805099550   0.000005208351913   0.000002163225692   
224       0.540299516826192   0.841472788841396   0.000005162002674   0.000002143904581   
225       0.540299541535995   0.841472772800088   0.000005116269383   0.000002124841170   
226       0.540299565918867   0.841472756971787   0.000005071141180   0.000002106030894   
227       0.540299589980553   0.841472741352741   0.000005026607433   0.000002087469296   
228       0.540299613726669   0.841472725939274   0.000004982657749   0.000002069152008   
229       0.540299637162708   0.841472710727796   0.000004939281958   0.000002051074761   
230       0.540299660294048   0.841472695714793   0.000004896470112   0.000002033233382   
231       0.540299683125944   0.841472680896826   0.000004854212480   0.000002015623783   
232       0.540299705663545   0.841472666270533   0.000004812499533   0.000001998241967   
233       0.540299727911888   0.841472651832621   0.000004771321950   0.000001981084024   
234       0.540299749875899   0.841472637579869   0.000004730670613   0.000001964146123   
235       0.540299771560404   0.841472623509124   0.000004690536591   0.000001947424519   
236       0.540299792970128   0.841472609617303   0.000004650911137   0.000001930915546   
237       0.540299814109689   0.841472595901380   0.000004611785705   0.000001914615611   
238       0.540299834983617   0.841472582358404   0.000004573151912   0.000001898521204   
239       0.540299855596343   0.841472568985476   0.000004535001554   0.000001882628882   
240       0.540299875952206   0.841472555779760   0.000004497326603   0.000001866935274   
241       0.540299896055457   0.841472542738483   0.000004460119190   0.000001851437084   
242       0.540299915910259   0.841472529858924   0.000004423371610   0.000001836131079   
243       0.540299935520689   0.841472517138420   0.000004387076319   0.000001821014095   
244       0.540299954890741   0.841472504574365   0.000004351225922   0.000001806083033   
245       0.540299974024325   0.841472492164202   0.000004315813183   0.000001791334856   
246       0.540299992925278   0.841472479905429   0.000004280831003   0.000001776766590   
247       0.540300011597355   0.841472467795592   0.000004246272428   0.000001762375320   
248       0.540300030044235   0.841472455832290   0.000004212130653   0.000001748158190   
249       0.540300048269527   0.841472444013168   0.000004178398996   0.000001734112403   
250       0.540300066276764   0.841472432335918   0.000004145070919   0.000001720235216   
251       0.540300084069412   0.841472420798278   0.000004112140007   0.000001706523941   
252       0.540300101650866   0.841472409398031   0.000004079599976   0.000001692975943   
253       0.540300119024457   0.841472398133006   0.000004047444660   0.000001679588643   
254       0.540300136193445   0.841472387001072   0.000004015668027   0.000001666359507   
255       0.540300153161035   0.841472376000139   0.000003984264144   0.000001653286053   
256       0.540300169930362   0.841472365128162   0.000003953227211   0.000001640365848   
257       0.540300186504503   0.841472354383132   0.000003922551531   0.000001627596507   
258       0.540300202886476   0.841472343763082   0.000003892231517   0.000001614975691   
259       0.540300219079241   0.841472333266079   0.000003862261694   0.000001602501105   
260       0.540300235085698   0.841472322890231   0.000003832636691   0.000001590170498   
261       0.540300250908697   0.841472312633679   0.000003803351235   0.000001577981661   
262       0.540300266551031   0.841472302494603   0.000003774400159   0.000001565932433   
263       0.540300282015437   0.841472292471215   0.000003745778393   0.000001554020688   
264       0.540300297304604   0.841472282561761   0.000003717480962   0.000001542244341   
265       0.540300312421173   0.841472272764523   0.000003689502979   0.000001530601352   
266       0.540300327367729   0.841472263077810   0.000003661839658   0.000001519089710   
267       0.540300342146814   0.841472253499968   0.000003634486294   0.000001507707448   
268       0.540300356760919   0.841472244029372   0.000003607438280   0.000001496452638   
269       0.540300371212491   0.841472234664424   0.000003580691083   0.000001485323380   
270       0.540300385503931   0.841472225403561   0.000003554240262   0.000001474317816   
271       0.540300399637597   0.841472216245244   0.000003528081451   0.000001463434117   
272       0.540300413615800   0.841472207187967   0.000003502210372   0.000001452670493   
273       0.540300427440816   0.841472198230248   0.000003476622815   0.000001442025184   
274       0.540300441114874   0.841472189370635   0.000003451314654   0.000001431496463   
275       0.540300454640161   0.841472180607697   0.000003426281840   0.000001421082630   
276       0.540300468018830   0.841472171940034   0.000003401520390   0.000001410782022   
277       0.540300481252991   0.841472163366272   0.000003377026396   0.000001400593006   
278       0.540300494344721   0.841472154885058   0.000003352796017   0.000001390513972   
279       0.540300507296052   0.841472146495062   0.000003328825490   0.000001380543342   
280       0.540300520108987   0.841472138194986   0.000003305111107   0.000001370679573   
281       0.540300532785490   0.841472129983547   0.000003281649237   0.000001360921138   
282       0.540300545327492   0.841472121859486   0.000003258436302   0.000001351266544   
283       0.540300557736888   0.841472113821570   0.000003235468798   0.000001341714324   
284       0.540300570015541   0.841472105868583   0.000003212743274   0.000001332263033   
285       0.540300582165282   0.841472097999334   0.000003190256341   0.000001322911256   
286       0.540300594187909   0.841472090212652   0.000003168004675   0.000001313657601   
287       0.540300606085189   0.841472082507386   0.000003145985002   0.000001304500701   
288       0.540300617858858   0.841472074882404   0.000003124194111   0.000001295439210   
289       0.540300629510623   0.841472067336595   0.000003102628840   0.000001286471808   
290       0.540300641042160   0.841472059868866   0.000003081286091   0.000001277597195   
291       0.540300652455120   0.841472052478146   0.000003060162806   0.000001268814099   
292       0.540300663751120   0.841472045163376   0.000003039255991   0.000001260121263   
293       0.540300674931754   0.841472037923521   0.000003018562698   0.000001251517454   
294       0.540300685998589   0.841472030757562   0.000002998080025   0.000001243001463   
295       0.540300696953162   0.841472023664495   0.000002977805129   0.000001234572098   
296       0.540300707796988   0.841472016643337   0.000002957735206   0.000001226228188   
297       0.540300718531554   0.841472009693118   0.000002937867502   0.000001217968581   
298       0.540300729158323   0.841472002812884   0.000002918199312   0.000001209792145   
299       0.540300739678732   0.841471996001701   0.000002898727972   0.000001201697768   
300       0.540300750094199   0.841471989258649   0.000002879450863   0.000001193684358   
301       0.540300760406112   0.841471982582817   0.000002860365412   0.000001185750832   
302       0.540300770615840   0.841471975973321   0.000002841469086   0.000001177896139   
303       0.540300780724730   0.841471969429281   0.000002822759394   0.000001170119234   
304       0.540300790734105   0.841471962949837   0.000002804233887   0.000001162419094   
305       0.540300800645265   0.841471956534140   0.000002785890154   0.000001154794712   
306       0.540300810459495   0.841471950181359   0.000002767725825   0.000001147245098   
307       0.540300820178051   0.841471943890672   0.000002749738568   0.000001139769276   
308       0.540300829802174   0.841471937661274   0.000002731926090   0.000001132366291   
309       0.540300839333084   0.841471931492370   0.000002714286132   0.000001125035195   
310       0.540300848771978   0.841471925383181   0.000002696816478   0.000001117775065   
311       0.540300858120040   0.841471919332937   0.000002679514938   0.000001110584984   
312       0.540300867378430   0.841471913340881   0.000002662379365   0.000001103464054   
313       0.540300876548291   0.841471907406273   0.000002645407642   0.000001096411396   
314       0.540300885630752   0.841471901528378   0.000002628597681   0.000001089426134   
315       0.540300894626914   0.841471895706477   0.000002611947442   0.000001082507415   
316       0.540300903537871   0.841471889939861   0.000002595454902   0.000001075654396   
317       0.540300912364694   0.841471884227832   0.000002579118079   0.000001068866249   
318       0.540300921108440   0.841471878569702   0.000002562935017   0.000001062142155   
319       0.540300929770148   0.841471872964797   0.000002546903792   0.000001055481314   
320       0.540300938350841   0.841471867412450   0.000002531022511   0.000001048882932   
321       0.540300946851525   0.841471861912008   0.000002515289311   0.000001042346233   
322       0.540300955273192   0.841471856462822   0.000002499702357   0.000001035870447   
323       0.540300963616820   0.841471851064262   0.000002484259840   0.000001029454825   
324       0.540300971883368   0.841471845715700   0.000002468959983   0.000001023098620   
325       0.540300980073784   0.841471840416521   0.000002453801032   0.000001016801102   
326       0.540300988189001   0.841471835166119   0.000002438781262   0.000001010561549   
327       0.540300996229933   0.841471829963898   0.000002423898977   0.000001004379256   
328       0.540301004197487   0.841471824809266   0.000002409152503   0.000000998253516   
329       0.540301012092555   0.841471819701652   0.000002394540188   0.000000992183653   
330       0.540301019916007   0.841471814640479   0.000002380060419   0.000000986168980   
331       0.540301027668712   0.841471809625190   0.000002365711592   0.000000980208834   
332       0.540301035351520   0.841471804655229   0.000002351492130   0.000000974302557   
333       0.540301042965267   0.841471799730054   0.000002337400486   0.000000968449504   
334       0.540301050510779   0.841471794849127   0.000002323435135   0.000000962649033   
335       0.540301057988868   0.841471790011919   0.000002309594570   0.000000956900519   
336       0.540301065400337   0.841471785217912   0.000002295877307   0.000000951203345   
337       0.540301072745973   0.841471780466590   0.000002282281888   0.000000945556897   
338       0.540301080026555   0.841471775757450   0.000002268806872   0.000000939960578   
339       0.540301087242848   0.841471771089992   0.000002255450845   0.000000934413795   
340       0.540301094395605   0.841471766463728   0.000002242212410   0.000000928915965   
341       0.540301101485573   0.841471761878173   0.000002229090184   0.000000923466514   
342       0.540301108513483   0.841471757332852   0.000002216082819   0.000000918064876   
343       0.540301115480057   0.841471752827295   0.000002203188975   0.000000912710494   
344       0.540301122386007   0.841471748361037   0.000002190407333   0.000000907402816   
345       0.540301129232035   0.841471743933628   0.000002177736597   0.000000902141304   
346       0.540301136018830   0.841471739544614   0.000002165175490   0.000000896925421   
347       0.540301142747077   0.841471735193555   0.000002152722745   0.000000891754644   
348       0.540301149417443   0.841471730880012   0.000002140377126   0.000000886628451   
349       0.540301156030596   0.841471726603557   0.000002128137399   0.000000881546332   
350       0.540301162587183   0.841471722363766   0.000002116002365   0.000000876507785   
351       0.540301169087850   0.841471718160220   0.000002103970829   0.000000871512312   
352       0.540301175533229   0.841471713992508   0.000002092041620   0.000000866559423   
353       0.540301181923947   0.841471709860222   0.000002080213578   0.000000861648636   
354       0.540301188260620   0.841471705762965   0.000002068485564   0.000000856779475   
355       0.540301194543855   0.841471701700339   0.000002056856454   0.000000851951470   
356       0.540301200774253   0.841471697671957   0.000002045325135   0.000000847164160   
357       0.540301206952402   0.841471693677432   0.000002033890520   0.000000842417087   
358       0.540301213078889   0.841471689716392   0.000002022551522   0.000000837709806   
359       0.540301219154282   0.841471685788456   0.000002011307088   0.000000833041866   
360       0.540301225179152   0.841471681893262   0.000002000156165   0.000000828412836   
361       0.540301231154058   0.841471678030444   0.000001989097715   0.000000823822282   
362       0.540301237079547   0.841471674199645   0.000001978130725   0.000000819269780   
363       0.540301242956167   0.841471670400513   0.000001967254185   0.000000814754910   
364       0.540301248784452   0.841471666632699   0.000001956467104   0.000000810277258   
365       0.540301254564931   0.841471662895861   0.000001945768502   0.000000805836419   
366       0.540301260298125   0.841471659189659   0.000001935157417   0.000000801431986   
367       0.540301265984548   0.841471655513758   0.000001924632897   0.000000797063563   
368       0.540301271624707   0.841471651867831   0.000001914194000   0.000000792730761   
369       0.540301277219103   0.841471648251552   0.000001903839804   0.000000788433193   
370       0.540301282768231   0.841471644664599   0.000001893569392   0.000000784170476   
371       0.540301288272578   0.841471641106658   0.000001883381860   0.000000779942236   
372       0.540301293732621   0.841471637577416   0.000001873276326   0.000000775748102   
373       0.540301299148841   0.841471634076566   0.000001863251902   0.000000771587710   
374       0.540301304521697   0.841471630603802   0.000001853307734   0.000000767460694   
375       0.540301309851657   0.841471627158827   0.000001843442961   0.000000763366702   
376       0.540301315139174   0.841471623741345   0.000001833656742   0.000000759305383   
377       0.540301320384699   0.841471620351062   0.000001823948242   0.000000755276387   
378       0.540301325588674   0.841471616987692   0.000001814316643   0.000000751279375   
379       0.540301330751538   0.841471613650951   0.000001804761133   0.000000747314008   
380       0.540301335873721   0.841471610340556   0.000001795280916   0.000000743379952   
381       0.540301340955651   0.841471607056234   0.000001785875200   0.000000739476879   
382       0.540301345997749   0.841471603797712   0.000001776543206   0.000000735604467   
383       0.540301351000427   0.841471600564717   0.000001767284170   0.000000731762392   
384       0.540301355964098   0.841471597356986   0.000001758097331   0.000000727950340   
385       0.540301360889166   0.841471594174253   0.000001748981938   0.000000724167996   
386       0.540301365776029   0.841471591016264   0.000001739937254   0.000000720415056   
387       0.540301370625082   0.841471587882760   0.000001730962551   0.000000716691216   
388       0.540301375436716   0.841471584773487   0.000001722057104   0.000000712996172   
389       0.540301380211311   0.841471581688199   0.000001713220209   0.000000709329630   
390       0.540301384949249   0.841471578626650   0.000001704451157   0.000000705691301   
391       0.540301389650904   0.841471575588594   0.000001695749261   0.000000702080889   
392       0.540301394316643   0.841471572573793   0.000001687113837   0.000000698498115   
393       0.540301398946834   0.841471569582012   0.000001678544207   0.000000694942697   
394       0.540301403541836   0.841471566613014   0.000001670039706   0.000000691414355   
395       0.540301408102005   0.841471563666570   0.000001661599673   0.000000687912815   
396       0.540301412627693   0.841471560742454   0.000001653223459   0.000000684437810   
397       0.540301417119244   0.841471557840437   0.000001644910425   0.000000680989067   
398       0.540301421577003   0.841471554960299   0.000001636659935   0.000000677566325   
399       0.540301426001307   0.841471552101821   0.000001628471364   0.000000674169324   
400       0.540301430392490   0.841471549264786   0.000001620344093   0.000000670797805   
401       0.540301434750883   0.841471546448979   0.000001612277511   0.000000667451513   
402       0.540301439076810   0.841471543654189   0.000001604271017   0.000000664130199   
403       0.540301443370593   0.841471540880209   0.000001596324015   0.000000660833615   
404       0.540301447632551   0.841471538126833   0.000001588435918   0.000000657561516   
405       0.540301451862995   0.841471535393855   0.000001580606144   0.000000654313658   
406       0.540301456062240   0.841471532681076   0.000001572834117   0.000000651089805   
407       0.540301460230586   0.841471529988296   0.000001565119276   0.000000647889719   
408       0.540301464368338   0.841471527315319   0.000001557461059   0.000000644713166   
409       0.540301468475796   0.841471524661953   0.000001549858912   0.000000641559919   
410       0.540301472553253   0.841471522028004   0.000001542312289   0.000000638429747   
411       0.540301476601001   0.841471519413286   0.000001534820654   0.000000635322428   
412       0.540301480619329   0.841471516817611   0.000001527383470   0.000000632237741   
413       0.540301484608520   0.841471514240794   0.000001520000212   0.000000629175465   
414       0.540301488568857   0.841471511682654   0.000001512670358   0.000000626135383   
415       0.540301492500615   0.841471509143009   0.000001505393400   0.000000623117282   
416       0.540301496404070   0.841471506621683   0.000001498168824   0.000000620120950   
417       0.540301500279491   0.841471504118498   0.000001490996133   0.000000617146177   
418       0.540301504127149   0.841471501633285   0.000001483874827   0.000000614192762   
419       0.540301507947306   0.841471499165866   0.000001476804420   0.000000611260494   
420       0.540301511740224   0.841471496716075   0.000001469784428   0.000000608349174   
421       0.540301515506164   0.841471494283746   0.000001462814368   0.000000605458606   
422       0.540301519245377   0.841471491868710   0.000001455893773   0.000000602588589   
423       0.540301522958117   0.841471489470806   0.000001449022176   0.000000599738931   
424       0.540301526644634   0.841471487089872   0.000001442199112   0.000000596909442   
425       0.540301530305175   0.841471484725747   0.000001435424126   0.000000594099927   
426       0.540301533939981   0.841471482378274   0.000001428696768   0.000000591310202   
427       0.540301537549294   0.841471480047296   0.000001422016596   0.000000588540078   
428       0.540301541133353   0.841471477732660   0.000001415383163   0.000000585789377   
429       0.540301544692393   0.841471475434214   0.000001408796036   0.000000583057914   
430       0.540301548226643   0.841471473151806   0.000001402254791   0.000000580345512   
431       0.540301551736336   0.841471470885287   0.000001395758996   0.000000577651992   
432       0.540301555221698   0.841471468634513   0.000001389308232   0.000000574977183   
433       0.540301558682952   0.841471466399333   0.000001382902089   0.000000572320906   
434       0.540301562120323   0.841471464179609   0.000001376540149   0.000000569682997   
435       0.540301565534028   0.841471461975194   0.000001370222011   0.000000567063281   
436       0.540301568924283   0.841471459785950   0.000001363947272   0.000000564461594   
437       0.540301572291305   0.841471457611739   0.000001357715536   0.000000561877773   
438       0.540301575635304   0.841471455452423   0.000001351526410   0.000000559311652   
439       0.540301578956488   0.841471453307864   0.000001345379510   0.000000556763069   
440       0.540301582255066   0.841471451177931   0.000001339274450   0.000000554231866   
441       0.540301585531245   0.841471449062491   0.000001333210847   0.000000551717888   
442       0.540301588785222   0.841471446961409   0.000001327188335   0.000000549220972   
443       0.540301592017202   0.841471444874560   0.000001321206535   0.000000546740972   
444       0.540301595227380   0.841471442801813   0.000001315265088   0.000000544277729   
445       0.540301598415952   0.841471440743042   0.000001309363629   0.000000541831095   
446       0.540301601583113   0.841471438698122   0.000001303501796   0.000000539400923   
447       0.540301604729052   0.841471436666929   0.000001297679243   0.000000536987063   
448       0.540301607853960   0.841471434649340   0.000001291895615   0.000000534589370   
449       0.540301610958022   0.841471432645234   0.000001286150568   0.000000532207700   
450       0.540301614041425   0.841471430654490   0.000001280443757   0.000000529841910   
451       0.540301617104352   0.841471428676992   0.000001274774844   0.000000527491861   
452       0.540301620146984   0.841471426712621   0.000001269143494   0.000000525157411   
453       0.540301623169497   0.841471424761260   0.000001263549378   0.000000522838424   
454       0.540301626172070   0.841471422822797   0.000001257992169   0.000000520534764   
455       0.540301629154881   0.841471420897116   0.000001252471536   0.000000518246295   
456       0.540301632118097   0.841471418984107   0.000001246987169   0.000000515972884   
457       0.540301635061894   0.841471417083659   0.000001241538744   0.000000513714401   
458       0.540301637986439   0.841471415195661   0.000001236125950   0.000000511470713   
459       0.540301640891901   0.841471413320005   0.000001230748475   0.000000509241692   
460       0.540301643778444   0.841471411456583   0.000001225406016   0.000000507027211   
461       0.540301646646234   0.841471409605291   0.000001220098265   0.000000504827144   
462       0.540301649495430   0.841471407766021   0.000001214824928   0.000000502641366   
463       0.540301652326195   0.841471405938671   0.000001209585704   0.000000500469751   
464       0.540301655138688   0.841471404123137   0.000001204380297   0.000000498312179   
465       0.540301657933063   0.841471402319319   0.000001199208423   0.000000496168531   
466       0.540301660709479   0.841471400527116   0.000001194069790   0.000000494038686   
467       0.540301663468087   0.841471398746428   0.000001188964115   0.000000491922524   
468       0.540301666209038   0.841471396977154   0.000001183891119   0.000000489819929   
469       0.540301668932488   0.841471395219202   0.000001178850516   0.000000487730787   
470       0.540301671638577   0.841471393472473   0.000001173842043   0.000000485654982   
471       0.540301674327459   0.841471391736870   0.000001168865418   0.000000483592401   
472       0.540301676999277   0.841471390012301   0.000001163920375   0.000000481542931   
473       0.540301679654177   0.841471388298672   0.000001159006644   0.000000479506463   
474       0.540301682292298   0.841471386595890   0.000001154123969   0.000000477482885   
475       0.540301684913786   0.841471384903864   0.000001149272078   0.000000475472090   
476       0.540301687518775   0.841471383222504   0.000001144450723   0.000000473473970   
477       0.540301690107408   0.841471381551720   0.000001139659641   0.000000471488418   
478       0.540301692679818   0.841471379891426   0.000001134898584   0.000000469515332   
479       0.540301695236143   0.841471378241531   0.000001130167298   0.000000467554605   
480       0.540301697776513   0.841471376601948   0.000001125465540   0.000000465606133   
481       0.540301700301066   0.841471374972594   0.000001120793058   0.000000463669818   
482       0.540301702809929   0.841471373353383   0.000001116149615   0.000000461745555   
483       0.540301705303234   0.841471371744230   0.000001111534967   0.000000459833245   
484       0.540301707781107   0.841471370145054   0.000001106948880   0.000000457932792   
485       0.540301710243678   0.841471368555772   0.000001102391116   0.000000456044097   
486       0.540301712691070   0.841471366976300   0.000001097861445   0.000000454167061   
487       0.540301715123407   0.841471365406559   0.000001093359636   0.000000452301588   
488       0.540301717540817   0.841471363846473   0.000001088885456   0.000000450447589   
489       0.540301719943417   0.841471362295956   0.000001084438687   0.000000448604963   
490       0.540301722331330   0.841471360754936   0.000001080019099   0.000000446773622   
491       0.540301724704675   0.841471359223333   0.000001075626475   0.000000444953472   
492       0.540301727063569   0.841471357701069   0.000001071260597   0.000000443144421   
493       0.540301729408132   0.841471356188071   0.000001066921244   0.000000441346382   
494       0.540301731738477   0.841471354684261   0.000001062608204   0.000000439559261   
495       0.540301734054720   0.841471353189568   0.000001058321265   0.000000437782976   
496       0.540301736356974   0.841471351703917   0.000001054060217   0.000000436017435   
497       0.540301738645353   0.841471350227235   0.000001049824850   0.000000434262554   
498       0.540301740919966   0.841471348759450   0.000001045614959   0.000000432518245   
499       0.540301743180926   0.841471347300490   0.000001041430340   0.000000430784423   
500       0.540301745428338   0.841471345850286   0.000001037270794   0.000000429061009   
501       0.540301747662313   0.841471344408767   0.000001033136118   0.000000427347915   
502       0.540301749882957   0.841471342975862   0.000001029026114   0.000000425645057   
503       0.540301752090379   0.841471341551508   0.000001024940584   0.000000423952362   
504       0.540301754284677   0.841471340135633   0.000001020879342   0.000000422269743   
505       0.540301756465962   0.841471338728168   0.000001016842186   0.000000420597119   
506       0.540301758634332   0.841471337329051   0.000001012828933   0.000000418934415   
507       0.540301760789889   0.841471335938214   0.000001008839394   0.000000417281551   
508       0.540301762932737   0.841471334555592   0.000001004873378   0.000000415638449   
509       0.540301765062972   0.841471333181120   0.000001000930705   0.000000414005033   
510       0.540301767180695   0.841471331814734   0.000000997011189   0.000000412381227   
511       0.540301769286003   0.841471330456371   0.000000993114652   0.000000410766956   
512       0.540301771378993   0.841471329105969   0.000000989240913   0.000000409162145   
513       0.540301773459763   0.841471327763465   0.000000985389792   0.000000407566720   
514       0.540301775528403   0.841471326428798   0.000000981561120   0.000000405980607   
515       0.540301777585012   0.841471325101906   0.000000977754717   0.000000404403736   
516       0.540301779629680   0.841471323782731   0.000000973970413   0.000000402836035   
517       0.540301781662501   0.841471322471212   0.000000970208036   0.000000401277432   
518       0.540301783683566   0.841471321167290   0.000000966467417   0.000000399727857   
519       0.540301785692965   0.841471319870905   0.000000962748390   0.000000398187240   
520       0.540301787690788   0.841471318582001   0.000000959050788   0.000000396655512   
521       0.540301789677124   0.841471317300520   0.000000955374446   0.000000395132607   
522       0.540301791652057   0.841471316026404   0.000000951719207   0.000000393618453   
523       0.540301793615681   0.841471314759599   0.000000948084903   0.000000392112988   
524       0.540301795568079   0.841471313500048   0.000000944471373   0.000000390616144   
525       0.540301797509335   0.841471312247694   0.000000940878465   0.000000389127853   
526       0.540301799439536   0.841471311002485   0.000000937306019   0.000000387648052   
527       0.540301801358762   0.841471309764365   0.000000933753886   0.000000386176677   
528       0.540301803267101   0.841471308533281   0.000000930221902   0.000000384713662   
529       0.540301805164634   0.841471307309180   0.000000926709919   0.000000383258946   
530       0.540301807051438   0.841471306092006   0.000000923217791   0.000000381812464   
531       0.540301808927599   0.841471304881713   0.000000919745364   0.000000380374157   
532       0.540301810793193   0.841471303678246   0.000000916292493   0.000000378943962   
533       0.540301812648303   0.841471302481552   0.000000912859027   0.000000377521817   
534       0.540301814493005   0.841471301291583   0.000000909444822   0.000000376107664   
535       0.540301816327378   0.841471300108289   0.000000906049736   0.000000374701443   
536       0.540301818151497   0.841471298931617   0.000000902673629   0.000000373303092   
537       0.540301819965439   0.841471297761520   0.000000899316356   0.000000371912554   
538       0.540301821769281   0.841471296597948   0.000000895977776   0.000000370529771   
539       0.540301823563096   0.841471295440854   0.000000892657756   0.000000369154686   
540       0.540301825346960   0.841471294290188   0.000000889356152   0.000000367787241   
541       0.540301827120946   0.841471293145907   0.000000886072830   0.000000366427383   
542       0.540301828885125   0.841471292007958   0.000000882807660   0.000000365075049   
543       0.540301830639572   0.841471290876298   0.000000879560503   0.000000363730191   
544       0.540301832384356   0.841471289750878   0.000000876331228   0.000000362392747   
545       0.540301834119549   0.841471288631656   0.000000873119707   0.000000361062668   
546       0.540301835845221   0.841471287518584   0.000000869925806   0.000000359739899   
547       0.540301837561440   0.841471286411615   0.000000866749401   0.000000358424382   
548       0.540301839268277   0.841471285310710   0.000000863590359   0.000000357116073   
549       0.540301840965799   0.841471284215821   0.000000860448559   0.000000355814912   
550       0.540301842654076   0.841471283126904   0.000000857323870   0.000000354520848   
551       0.540301844333175   0.841471282043918   0.000000854216168   0.000000353233833   
552       0.540301846003157   0.841471280966817   0.000000851125339   0.000000351953812   
553       0.540301847664092   0.841471279895562   0.000000848051254   0.000000350680737   
554       0.540301849316046   0.841471278830108   0.000000844993792   0.000000349414557   
555       0.540301850959084   0.841471277770415   0.000000841952830   0.000000348155223   
556       0.540301852593266   0.841471276716437   0.000000838928261   0.000000346902681   
557       0.540301854218658   0.841471275668140   0.000000835919960   0.000000345656890   
558       0.540301855835323   0.841471274625478   0.000000832927811   0.000000344417795   
559       0.540301857443324   0.841471273588414   0.000000829951698   0.000000343185354   
560       0.540301859042722   0.841471272556905   0.000000826991506   0.000000341959513   
561       0.540301860633579   0.841471271530915   0.000000824047123   0.000000340740232   
562       0.540301862215956   0.841471270510401   0.000000821118435   0.000000339527458   
563       0.540301863789910   0.841471269495326   0.000000818205336   0.000000338321148   
564       0.540301865355504   0.841471268485652   0.000000815307711   0.000000337121256   
565       0.540301866912794   0.841471267481338   0.000000812425453   0.000000335927734   
566       0.540301868461842   0.841471266482349   0.000000809558450   0.000000334740541   
567       0.540301870002707   0.841471265488646   0.000000806706593   0.000000333559629   
568       0.540301871535441   0.841471264500192   0.000000803869786   0.000000332384955   
569       0.540301873060106   0.841471263516951   0.000000801047912   0.000000331216476   
570       0.540301874576757   0.841471262538887   0.000000798240870   0.000000330054150   
571       0.540301876085449   0.841471261565959   0.000000795448559   0.000000328897927   
572       0.540301877586239   0.841471260598138   0.000000792670873   0.000000327747774   
573       0.540301879079181   0.841471259635383   0.000000789907714   0.000000326603640   
574       0.540301880564332   0.841471258677659   0.000000787158972   0.000000325465485   
575       0.540301882041742   0.841471257724935   0.000000784424558   0.000000324333272   
576       0.540301883511468   0.841471256777173   0.000000781704366   0.000000323206957   
577       0.540301884973562   0.841471255834339   0.000000778998300   0.000000322086497   
578       0.540301886428079   0.841471254896401   0.000000776306258   0.000000320971856   
579       0.540301887875068   0.841471253963320   0.000000773628148   0.000000319862988   
580       0.540301889314580   0.841471253035070   0.000000770963875   0.000000318759860   
581       0.540301890746673   0.841471252111611   0.000000768313336   0.000000317662426   
582       0.540301892171390   0.841471251192914   0.000000765676446   0.000000316570651   
583       0.540301893588785   0.841471250278944   0.000000763053109   0.000000315484494   
584       0.540301894998910   0.841471249369671   0.000000760443228   0.000000314403918   
585       0.540301896401812   0.841471248465061   0.000000757846715   0.000000313328884   
586       0.540301897797542   0.841471247565082   0.000000755263476   0.000000312259353   
587       0.540301899186147   0.841471246669703   0.000000752693425   0.000000311195289   
588       0.540301900567675   0.841471245778893   0.000000750136471   0.000000310136655   
589       0.540301901942175   0.841471244892622   0.000000747592524   0.000000309083415   
590       0.540301903309696   0.841471244010859   0.000000745061494   0.000000308035532   
591       0.540301904670284   0.841471243133570   0.000000742543297   0.000000306992967   
592       0.540301906023985   0.841471242260728   0.000000740037847   0.000000305955685   
593       0.540301907370848   0.841471241392304   0.000000737545052   0.000000304923654   
594       0.540301908710915   0.841471240528263   0.000000735064834   0.000000303896832   
595       0.540301910044236   0.841471239668582   0.000000732597102   0.000000302875192   
596       0.540301911370851   0.841471238813228   0.000000730141783   0.000000301858693   
597       0.540301912690810   0.841471237962174   0.000000727698781   0.000000300847305   
598       0.540301914004156   0.841471237115389   0.000000725268021   0.000000299840990   
599       0.540301915310930   0.841471236272849   0.000000722849423   0.000000298839718   
600       0.540301916611181   0.841471235434517   0.000000720442897   0.000000297843449   
601       0.540301917904948   0.841471234600373   0.000000718048373   0.000000296852156   
602       0.540301919192276   0.841471233770386   0.000000715665767   0.000000295865804   
603       0.540301920473206   0.841471232944527   0.000000713295001   0.000000294884358   
604       0.540301921747784   0.841471232122772   0.000000710935991   0.000000293907788   
605       0.540301923016048   0.841471231305094   0.000000708588669   0.000000292936063   
606       0.540301924278042   0.841471230491462   0.000000706252951   0.000000291969147   
607       0.540301925533805   0.841471229681854   0.000000703928766   0.000000291007012   
608       0.540301926783381   0.841471228876238   0.000000701616031   0.000000290049623   
609       0.540301928026806   0.841471228074593   0.000000699314680   0.000000289096951   
610       0.540301929264125   0.841471227276890   0.000000697024629   0.000000288148966   
611       0.540301930495377   0.841471226483106   0.000000694745809   0.000000287205637   
612       0.540301931720600   0.841471225693213   0.000000692478147   0.000000286266931   
613       0.540301932939833   0.841471224907188   0.000000690221571   0.000000285332823   
614       0.540301934153118   0.841471224125001   0.000000687976004   0.000000284403276   
615       0.540301935360490   0.841471223346630   0.000000685741381   0.000000283478264   
616       0.540301936561991   0.841471222572053   0.000000683517625   0.000000282557760   
617       0.540301937757657   0.841471221801242   0.000000681304668   0.000000281641731   
618       0.540301938947524   0.841471221034171   0.000000679102444   0.000000280730149   
619       0.540301940131632   0.841471220270820   0.000000676910877   0.000000279822986   
620       0.540301941310017   0.841471219511160   0.000000674729903   0.000000278920210   
621       0.540301942482717   0.841471218755174   0.000000672559452   0.000000278021800   
622       0.540301943649765   0.841471218002835   0.000000670399461   0.000000277127723   
623       0.540301944811203   0.841471217254118   0.000000668249853   0.000000276237952   
624       0.540301945967062   0.841471216508999   0.000000666110571   0.000000275352457   
625       0.540301947117381   0.841471215767460   0.000000663981543   0.000000274471215   
626       0.540301948262192   0.841471215029473   0.000000661862708   0.000000273594194   
627       0.540301949401533   0.841471214295018   0.000000659753998   0.000000272721373   
628       0.540301950535438   0.841471213564074   0.000000657655349   0.000000271852722   
629       0.540301951663942   0.841471212836615   0.000000655566697   0.000000270988214   
630       0.540301952787077   0.841471212112621   0.000000653487981   0.000000270127822   
631       0.540301953904878   0.841471211392071   0.000000651419137   0.000000269271524   
632       0.540301955017378   0.841471210674939   0.000000649360104   0.000000268419288   
633       0.540301956124616   0.841471209961208   0.000000647310811   0.000000267571093   
634       0.540301957226618   0.841471209250853   0.000000645271209   0.000000266726911   
635       0.540301958323419   0.841471208543854   0.000000643241232   0.000000265886717   
636       0.540301959415053   0.841471207840195   0.000000641220818   0.000000265050491   
637       0.540301960501554   0.841471207139846   0.000000639209904   0.000000264218200   
638       0.540301961582950   0.841471206442791   0.000000637208440   0.000000263389824   
639       0.540301962659275   0.841471205749010   0.000000635216362   0.000000262565338   
640       0.540301963730561   0.841471205058482   0.000000633233607   0.000000261744718   
641       0.540301964796839   0.841471204371185   0.000000631260124   0.000000260927938   
642       0.540301965858141   0.841471203687100   0.000000629295851   0.000000260114975   
643       0.540301966914496   0.841471203006209   0.000000627340731   0.000000259305807   
644       0.540301967965936   0.841471202328489   0.000000625394710   0.000000258500407   
645       0.540301969012490   0.841471201653920   0.000000623457731   0.000000257698753   
646       0.540301970054192   0.841471200982487   0.000000621529732   0.000000256900825   
647       0.540301971091067   0.841471200314164   0.000000619610669   0.000000256106594   
648       0.540301972123149   0.841471199648939   0.000000617700474   0.000000255316044   
649       0.540301973150466   0.841471198986788   0.000000615799101   0.000000254529147   
650       0.540301974173043   0.841471198327692   0.000000613906499   0.000000253745880   
651       0.540301975190916   0.841471197671638   0.000000612022603   0.000000252966228   
652       0.540301976204111   0.841471197018598   0.000000610147366   0.000000252190159   
653       0.540301977212655   0.841471196368561   0.000000608280736   0.000000251417658   
654       0.540301978216580   0.841471195721506   0.000000606422657   0.000000250648701   
655       0.540301979215912   0.841471195077415   0.000000604573077   0.000000249883267   
656       0.540301980210678   0.841471194436271   0.000000602731949   0.000000249121334   
657       0.540301981200907   0.841471193798052   0.000000600899218   0.000000248362878   
658       0.540301982186624   0.841471193162746   0.000000599074837   0.000000247607883   
659       0.540301983167862   0.841471192530331   0.000000597258747   0.000000246856325   
660       0.540301984144645   0.841471191900791   0.000000595450902   0.000000246108183   
661       0.540301985116996   0.841471191274110   0.000000593651258   0.000000245363438   
662       0.540301986084950   0.841471190650267   0.000000591859753   0.000000244622066   
663       0.540301987048526   0.841471190029250   0.000000590076351   0.000000243884052   
664       0.540301988007755   0.841471189411036   0.000000588300995   0.000000243149370   
665       0.540301988962659   0.841471188795613   0.000000586533645   0.000000242418004   
666       0.540301989913270   0.841471188182964   0.000000584774240   0.000000241689934   
667       0.540301990859608   0.841471187573068   0.000000583022742   0.000000240965138   
668       0.540301991801702   0.841471186965912   0.000000581279099   0.000000240243597   
669       0.540301992739575   0.841471186361479   0.000000579543268   0.000000239525291   
670       0.540301993673254   0.841471185759756   0.000000577815202   0.000000238810206   
671       0.540301994602762   0.841471185160719   0.000000576094853   0.000000238098314   
672       0.540301995528125   0.841471184564358   0.000000574382177   0.000000237389602   
673       0.540301996449369   0.841471183970657   0.000000572677125   0.000000236684050   
674       0.540301997366515   0.841471183379598   0.000000570979655   0.000000235981638   
675       0.540301998279592   0.841471182791166   0.000000569289719   0.000000235282348   
676       0.540301999188619   0.841471182205347   0.000000567607277   0.000000234586165   
677       0.540302000093622   0.841471181622122   0.000000565932284   0.000000233893062   
678       0.540302000994626   0.841471181041480   0.000000564264690   0.000000233203030   
679       0.540302001891656   0.841471180463403   0.000000562604455   0.000000232516047   
680       0.540302002784729   0.841471179887876   0.000000560951541   0.000000231832093   
681       0.540302003673874   0.841471179314885   0.000000559305898   0.000000231151153   
682       0.540302004559111   0.841471178744416   0.000000557667486   0.000000230473211   
683       0.540302005440464   0.841471178176451   0.000000556036264   0.000000229798244   
684       0.540302006317957   0.841471177610980   0.000000554412187   0.000000229126241   
685       0.540302007191608   0.841471177047982   0.000000552795219   0.000000228457176   
686       0.540302008061444   0.841471176487452   0.000000551185312   0.000000227791045   
687       0.540302008927487   0.841471175929365   0.000000549582428   0.000000227127818   
688       0.540302009789757   0.841471175373713   0.000000547986525   0.000000226467484   
689       0.540302010648278   0.841471174820482   0.000000546397561   0.000000225810027   
690       0.540302011503068   0.841471174269654   0.000000544815502   0.000000225155426   
691       0.540302012354151   0.841471173721220   0.000000543240304   0.000000224503669   
692       0.540302013201549   0.841471173175164   0.000000541671926   0.000000223854738   
693       0.540302014045283   0.841471172631473   0.000000540110329   0.000000223208619   
694       0.540302014885374   0.841471172090129   0.000000538555477   0.000000222565289   
695       0.540302015721842   0.841471171551127   0.000000537007328   0.000000221924741   
696       0.540302016554706   0.841471171014444   0.000000535465850   0.000000221286949   
697       0.540302017383992   0.841471170480073   0.000000533930996   0.000000220651906   
698       0.540302018209717   0.841471169947997   0.000000532402731   0.000000220019590   
699       0.540302019031901   0.841471169418209   0.000000530881018   0.000000219389992   
700       0.540302019850564   0.841471168890689   0.000000529365825   0.000000218763089   
701       0.540302020665732   0.841471168365428   0.000000527857099   0.000000218138872   
702       0.540302021477416   0.841471167842410   0.000000526354822   0.000000217517320   
703       0.540302022285640   0.841471167321625   0.000000524858948   0.000000216898421   
704       0.540302023090424   0.841471166803061   0.000000523369441   0.000000216282162   
705       0.540302023891788   0.841471166286702   0.000000521886263   0.000000215668524   
706       0.540302024689749   0.841471165772538   0.000000520409385   0.000000215057494   
707       0.540302025484330   0.841471165260558   0.000000518938762   0.000000214449059   
708       0.540302026275544   0.841471164750746   0.000000517474372   0.000000213843202   
709       0.540302027063417   0.841471164243092   0.000000516016164   0.000000213239908   
710       0.540302027847963   0.841471163737581   0.000000514564114   0.000000212639162   
711       0.540302028629200   0.841471163234206   0.000000513118187   0.000000212040953   
712       0.540302029407151   0.841471162732950   0.000000511678344   0.000000211445263   
713       0.540302030181831   0.841471162233805   0.000000510244553   0.000000210852081   
714       0.540302030953260   0.841471161736756   0.000000508816780   0.000000210261391   
715       0.540302031721457   0.841471161241793   0.000000507394990   0.000000209673180   
716       0.540302032486437   0.841471160748904   0.000000505979153   0.000000209087432   
717       0.540302033248220   0.841471160258079   0.000000504569232   0.000000208504138   
718       0.540302034006824   0.841471159769305   0.000000503165196   0.000000207923281   
719       0.540302034762263   0.841471159282568   0.000000501767019   0.000000207344845   
720       0.540302035514561   0.841471158797862   0.000000500374652   0.000000206768824   
721       0.540302036263732   0.841471158315173   0.000000498988076   0.000000206195198   
722       0.540302037009792   0.841471157834489   0.000000497607256   0.000000205623956   
723       0.540302037752760   0.841471157355800   0.000000496232159   0.000000205055084   
724       0.540302038492653   0.841471156879094   0.000000494862754   0.000000204488569   
725       0.540302039229485   0.841471156404360   0.000000493499014   0.000000203924397   
726       0.540302039963277   0.841471155931590   0.000000492140899   0.000000203362560   
727       0.540302040694046   0.841471155460771   0.000000490788381   0.000000202803041   
728       0.540302041421802   0.841471154991892   0.000000489441439   0.000000202245827   
729       0.540302042146571   0.841471154524943   0.000000488100025   0.000000201690908   
730       0.540302042868360   0.841471154059911   0.000000486764125   0.000000201138266   
731       0.540302043587194   0.841471153596790   0.000000485433697   0.000000200587896   
732       0.540302044303083   0.841471153135569   0.000000484108717   0.000000200039782   
733       0.540302045016046   0.841471152676232   0.000000482789156   0.000000199493908   
734       0.540302045726097   0.841471152218775   0.000000481474981   0.000000198950268   
735       0.540302046433253   0.841471151763185   0.000000480166167   0.000000198408848   
736       0.540302047137528   0.841471151309450   0.000000478862682   0.000000197869632   
737       0.540302047838942   0.841471150857564   0.000000477564495   0.000000197332612   
738       0.540302048537505   0.841471150407515   0.000000476271584   0.000000196797776   
739       0.540302049233235   0.841471149959294   0.000000474983915   0.000000196265112   
740       0.540302049926150   0.841471149512889   0.000000473701458   0.000000195734607   
741       0.540302050616262   0.841471149068292   0.000000472424188   0.000000195206250   
742       0.540302051303584   0.841471148625493   0.000000471152081   0.000000194680030   
743       0.540302051988137   0.841471148184482   0.000000469885100   0.000000194155935   
744       0.540302052669927   0.841471147745248   0.000000468623231   0.000000193633951   
745       0.540302053348980   0.841471147307787   0.000000467366429   0.000000193114074   
746       0.540302054025303   0.841471146872082   0.000000466114680   0.000000192596284   
747       0.540302054698909   0.841471146438127   0.000000464867959   0.000000192080574   
748       0.540302055369822   0.841471146005913   0.000000463626223   0.000000191566934   
749       0.540302056038046   0.841471145575431   0.000000462389463   0.000000191055351   
750       0.540302056703601   0.841471145146670   0.000000461157645   0.000000190545813   
751       0.540302057366501   0.841471144719625   0.000000459930738   0.000000190038315   
752       0.540302058026759   0.841471144294279   0.000000458708724   0.000000189532836   
753       0.540302058684388   0.841471143870633   0.000000457491573   0.000000189029377   
754       0.540302059339406   0.841471143448671   0.000000456279255   0.000000188527920   
755       0.540302059991820   0.841471143028381   0.000000455071757   0.000000188028450   
756       0.540302060641648   0.841471142609765   0.000000453869045   0.000000187530968   
757       0.540302061288904   0.841471142192805   0.000000452671093   0.000000187035455   
758       0.540302061933601   0.841471141777497   0.000000451477878   0.000000186541905   
759       0.540302062575753   0.841471141363831   0.000000450289373   0.000000186050306   
760       0.540302063215371   0.841471140951797   0.000000449105559   0.000000185560647   
761       0.540302063852473   0.841471140541389   0.000000447926401   0.000000185072920   
762       0.540302064487065   0.841471140132595   0.000000446751888   0.000000184587111   
763       0.540302065119166   0.841471139725407   0.000000445581984   0.000000184103212   
764       0.540302065748788   0.841471139319823   0.000000444416670   0.000000183621217   
765       0.540302066375943   0.841471138915825   0.000000443255922   0.000000183141108   
766       0.540302067000643   0.841471138513413   0.000000442099717   0.000000182662883   
767       0.540302067622905   0.841471138112574   0.000000440948026   0.000000182186528   
768       0.540302068242736   0.841471137713301   0.000000439800832   0.000000181712034   
769       0.540302068860153   0.841471137315586   0.000000438658108   0.000000181239392   
770       0.540302069475165   0.841471136919420   0.000000437519833   0.000000180768590   
771       0.540302070087786   0.841471136524794   0.000000436385984   0.000000180299619   
772       0.540302070698030   0.841471136131703   0.000000435256535   0.000000179832471   
773       0.540302071305910   0.841471135740140   0.000000434131462   0.000000179367139   
774       0.540302071911433   0.841471135350091   0.000000433010750   0.000000178903607   
775       0.540302072514615   0.841471134961555   0.000000431894372   0.000000178441873   
776       0.540302073115468   0.841471134574520   0.000000430782304   0.000000177981922   
777       0.540302073714001   0.841471134188980   0.000000429674529   0.000000177523749   
778       0.540302074310231   0.841471133804926   0.000000428571018   0.000000177067341   
779       0.540302074904164   0.841471133422351   0.000000427471756   0.000000176612690   
780       0.540302075495817   0.841471133041248   0.000000426376715   0.000000176159790   
781       0.540302076085201   0.841471132661611   0.000000425285874   0.000000175708630   
782       0.540302076672324   0.841471132283428   0.000000424199218   0.000000175259200   
783       0.540302077257199   0.841471131906696   0.000000423116722   0.000000174811493   
784       0.540302077839841   0.841471131531404   0.000000422038360   0.000000174365499   
785       0.540302078420254   0.841471131157547   0.000000420964122   0.000000173921209   
786       0.540302078998457   0.841471130785117   0.000000419893974   0.000000173478615   
787       0.540302079574459   0.841471130414108   0.000000418827902   0.000000173037710   
788       0.540302080148268   0.841471130044510   0.000000417765887   0.000000172598481   
789       0.540302080719896   0.841471129676318   0.000000416707908   0.000000172160923   
790       0.540302081289357   0.841471129309526   0.000000415653940   0.000000171725029   
791       0.540302081856662   0.841471128944123   0.000000414603965   0.000000171290786   
792       0.540302082421818   0.841471128580106   0.000000413557965   0.000000170858190   
793       0.540302082984837   0.841471128217464   0.000000412515919   0.000000170427228   
794       0.540302083545732   0.841471127856193   0.000000411477807   0.000000169997896   
795       0.540302084104514   0.841471127496287   0.000000410443604   0.000000169570185   
796       0.540302084661191   0.841471127137736   0.000000409413298   0.000000169144085   
797       0.540302085215772   0.841471126780536   0.000000408386870   0.000000168719591   
798       0.540302085768272   0.841471126424678   0.000000407364294   0.000000168296690   
799       0.540302086318699   0.841471126070157   0.000000406345556   0.000000167875379   
800       0.540302086867066   0.841471125716966   0.000000405330630   0.000000167455648   
801       0.540302087413378   0.841471125365095   0.000000404319506   0.000000167037487   
802       0.540302087957650   0.841471125014544   0.000000403312160   0.000000166620893   
803       0.540302088499890   0.841471124665302   0.000000402308573   0.000000166205856   
804       0.540302089040109   0.841471124317361   0.000000401308728   0.000000165792365   
805       0.540302089578316   0.841471123970719   0.000000400312606   0.000000165380417   
806       0.540302090114522   0.841471123625367   0.000000399320186   0.000000164970002   
807       0.540302090648738   0.841471123281298   0.000000398331452   0.000000164561113   
808       0.540302091180969   0.841471122938507   0.000000397346391   0.000000164153741   
809       0.540302091711231   0.841471122596988   0.000000396364973   0.000000163747882   
810       0.540302092239529   0.841471122256734   0.000000395387191   0.000000163343526   
811       0.540302092765875   0.841471121917738   0.000000394413021   0.000000162940665   
812       0.540302093290279   0.841471121579995   0.000000393442446   0.000000162539292   
813       0.540302093812749   0.841471121243498   0.000000392475450   0.000000162139401   
814       0.540302094333295   0.841471120908242   0.000000391512015   0.000000161740984   
815       0.540302094851926   0.841471120574219   0.000000390552125   0.000000161344034   
816       0.540302095368655   0.841471120241426   0.000000389595756   0.000000160948543   
817       0.540302095883484   0.841471119909854   0.000000388642902   0.000000160554505   
818       0.540302096396430   0.841471119579499   0.000000387693533   0.000000160161913   
819       0.540302096907498   0.841471119250353   0.000000386747640   0.000000159770757   
820       0.540302097416698   0.841471118922411   0.000000385805205   0.000000159381033   
821       0.540302097924038   0.841471118595668   0.000000384866211   0.000000158992733   
822       0.540302098429529   0.841471118270118   0.000000383930640   0.000000158605851   
823       0.540302098933178   0.841471117945755   0.000000382998480   0.000000158220379   
824       0.540302099434997   0.841471117622573   0.000000382069705   0.000000157836311   
825       0.540302099934992   0.841471117300566   0.000000381144306   0.000000157453640   
826       0.540302100433171   0.841471116979727   0.000000380222269   0.000000157072357   
827       0.540302100929546   0.841471116660056   0.000000379303570   0.000000156692461   
828       0.540302101424124   0.841471116341540   0.000000378388197   0.000000156313938   
829       0.540302101916914   0.841471116024179   0.000000377476134   0.000000155936788   
830       0.540302102407922   0.841471115707962   0.000000376567369   0.000000155560997   
831       0.540302102897163   0.841471115392891   0.000000375661874   0.000000155186568   
832       0.540302103384639   0.841471115078953   0.000000374759645   0.000000154813486   
833       0.540302103870363   0.841471114766146   0.000000373860661   0.000000154441748   
834       0.540302104354339   0.841471114454466   0.000000372964910   0.000000154071349   
835       0.540302104836579   0.841471114143904   0.000000372072372   0.000000153702278   
836       0.540302105317088   0.841471113834456   0.000000371183038   0.000000153334532   
837       0.540302105795879   0.841471113526120   0.000000370296885   0.000000152968106   
838       0.540302106272954   0.841471113218886   0.000000369413908   0.000000152602991   
839       0.540302106748328   0.841471112912752   0.000000368534077   0.000000152239184   
840       0.540302107222004   0.841471112607708   0.000000367657391   0.000000151876671   
841       0.540302107693993   0.841471112303757   0.000000366783826   0.000000151515457   
842       0.540302108164302   0.841471112000888   0.000000365913371   0.000000151155528   
843       0.540302108632936   0.841471111699094   0.000000365046015   0.000000150796878   
844       0.540302109099909   0.841471111398374   0.000000364181734   0.000000150439504   
845       0.540302109565225   0.841471111098724   0.000000363320521   0.000000150083402   
846       0.540302110028892   0.841471110800136   0.000000362462359   0.000000149728561   
847       0.540302110490917   0.841471110502604   0.000000361607235   0.000000149374975   
848       0.540302110951311   0.841471110206126   0.000000360755131   0.000000149022642   
849       0.540302111410076   0.841471109910695   0.000000359906042   0.000000148671554   
850       0.540302111867227   0.841471109616306   0.000000359059939   0.000000148321703   
851       0.540302112322766   0.841471109322958   0.000000358216820   0.000000147973089   
852       0.540302112776701   0.841471109030640   0.000000357376670   0.000000147625700   
853       0.540302113229045   0.841471108739352   0.000000356539464   0.000000147279535   
854       0.540302113679797   0.841471108449085   0.000000355705205   0.000000146934584   
855       0.540302114128972   0.841471108159839   0.000000354873865   0.000000146590845   
856       0.540302114576572   0.841471107871607   0.000000354045440   0.000000146248311   
857       0.540302115022607   0.841471107584380   0.000000353219912   0.000000145906972   
858       0.540302115467087   0.841471107298162   0.000000352397261   0.000000145566833   
859       0.540302115910011   0.841471107012942   0.000000351577490   0.000000145227878   
860       0.540302116351395   0.841471106728716   0.000000350760570   0.000000144890105   
861       0.540302116791241   0.841471106445483   0.000000349946496   0.000000144553512   
862       0.540302117229556   0.841471106163235   0.000000349135256   0.000000144218090   
863       0.540302117666350   0.841471105881967   0.000000348326830   0.000000143883833   
864       0.540302118101630   0.841471105601675   0.000000347521208   0.000000143550735   
865       0.540302118535399   0.841471105322356   0.000000346718380   0.000000143218794   
866       0.540302118967668   0.841471105044006   0.000000345918331   0.000000142888004   
867       0.540302119398443   0.841471104766620   0.000000345121045   0.000000142558360   
868       0.540302119827730   0.841471104490191   0.000000344326515   0.000000142229853   
869       0.540302120255536   0.841471104214716   0.000000343534724   0.000000141902479   
870       0.540302120681868   0.841471103940191   0.000000342745663   0.000000141576236   
871       0.540302121106732   0.841471103666613   0.000000341959317   0.000000141251117   
872       0.540302121530138   0.841471103393976   0.000000341175672   0.000000140927116   
873       0.540302121952088   0.841471103122274   0.000000340394718   0.000000140604227   
874       0.540302122372591   0.841471102851506   0.000000339616445   0.000000140282448   
875       0.540302122791656   0.841471102581669   0.000000338840834   0.000000139961775   
876       0.540302123209285   0.841471102312752   0.000000338067879   0.000000139642195   
877       0.540302123625486   0.841471102044757   0.000000337297568   0.000000139323711   
878       0.540302124040268   0.841471101777677   0.000000336529883   0.000000139006315   
879       0.540302124453634   0.841471101511510   0.000000335764818   0.000000138690003   
880       0.540302124865593   0.841471101246251   0.000000335002359   0.000000138374770   
881       0.540302125276151   0.841471100981895   0.000000334242492   0.000000138060611   
882       0.540302125685311   0.841471100718436   0.000000333485212   0.000000137747518   
883       0.540302126093084   0.841471100455873   0.000000332730500   0.000000137435489   
884       0.540302126499475   0.841471100194202   0.000000331978344   0.000000137124521   
885       0.540302126904487   0.841471099933417   0.000000331228741   0.000000136814605   
886       0.540302127308133   0.841471099673518   0.000000330481667   0.000000136505743   
887       0.540302127710411   0.841471099414496   0.000000329737124   0.000000136197922   
888       0.540302128111333   0.841471099156348   0.000000328995092   0.000000135891140   
889       0.540302128510902   0.841471098899075   0.000000328255563   0.000000135585398   
890       0.540302128909125   0.841471098642664   0.000000327518527   0.000000135280681   
891       0.540302129306008   0.841471098387119   0.000000326783968   0.000000134976992   
892       0.540302129701558   0.841471098132433   0.000000326051878   0.000000134674325   
893       0.540302130095783   0.841471097878605   0.000000325322240   0.000000134372676   
894       0.540302130488684   0.841471097625626   0.000000324595054   0.000000134072037   
895       0.540302130880268   0.841471097373496   0.000000323870304   0.000000133772408   
896       0.540302131270544   0.841471097122212   0.000000323147974   0.000000133473782   
897       0.540302131659514   0.841471096871766   0.000000322428063   0.000000133176154   
898       0.540302132047185   0.841471096622158   0.000000321710555   0.000000132879521   
899       0.540302132433564   0.841471096373382   0.000000320995438   0.000000132583877   
900       0.540302132818658   0.841471096125436   0.000000320282701   0.000000132289219   
901       0.540302133202471   0.841471095878318   0.000000319572333   0.000000131995545   
902       0.540302133585007   0.841471095632018   0.000000318864330   0.000000131702844   
903       0.540302133966275   0.841471095386539   0.000000318158674   0.000000131411117   
904       0.540302134346276   0.841471095141873   0.000000317455362   0.000000131120357   
905       0.540302134725018   0.841471094898019   0.000000316754379   0.000000130830563   
906       0.540302135102510   0.841471094654972   0.000000316055712   0.000000130541727   
907       0.540302135478752   0.841471094412730   0.000000315359357   0.000000130253847   
908       0.540302135853751   0.841471094171286   0.000000314665302   0.000000129966917   
909       0.540302136227517   0.841471093930642   0.000000313973530   0.000000129680936   
910       0.540302136600050   0.841471093690790   0.000000313284042   0.000000129395898   
911       0.540302136971358   0.841471093451729   0.000000312596818   0.000000129111799   
912       0.540302137341444   0.841471093213454   0.000000311911857   0.000000128828634   
913       0.540302137710317   0.841471092975960   0.000000311229141   0.000000128546398   
914       0.540302138077977   0.841471092739247   0.000000310548670   0.000000128265089   
915       0.540302138444436   0.841471092503310   0.000000309870423   0.000000127984702   
916       0.540302138809694   0.841471092268147   0.000000309194398   0.000000127705236   
917       0.540302139173757   0.841471092033751   0.000000308520584   0.000000127426681   
918       0.540302139536631   0.841471091800123   0.000000307848971   0.000000127149038   
919       0.540302139898325   0.841471091567256   0.000000307179542   0.000000126872301   
920       0.540302140258835   0.841471091335151   0.000000306512303   0.000000126596468   
921       0.540302140618178   0.841471091103801   0.000000305847226   0.000000126321533   
922       0.540302140976352   0.841471090873204   0.000000305184313   0.000000126047492   
923       0.540302141333357   0.841471090643355   0.000000304523561   0.000000125774341   
924       0.540302141689209   0.841471090414255   0.000000303864945   0.000000125502080   
925       0.540302142043906   0.841471090185896   0.000000303208467   0.000000125230699   
926       0.540302142397455   0.841471089958278   0.000000302554114   0.000000124960199   
927       0.540302142749860   0.841471089731397   0.000000301901876   0.000000124690575   
928       0.540302143101128   0.841471089505249   0.000000301251744   0.000000124421822   
929       0.540302143451261   0.841471089279831   0.000000300603711   0.000000124153936   
930       0.540302143800268   0.841471089055140   0.000000299957765   0.000000123886914   
931       0.540302144148149   0.841471088831172   0.000000299313900   0.000000123620751   
932       0.540302144494911   0.841471088607928   0.000000298672109   0.000000123355449   
933       0.540302144840560   0.841471088385399   0.000000298032375   0.000000123090997   
934       0.540302145185100   0.841471088163587   0.000000297394695   0.000000122827397   
935       0.540302145528534   0.841471087942486   0.000000296759063   0.000000122564641   
936       0.540302145870870   0.841471087722093   0.000000296125462   0.000000122302727   
937       0.540302146212110   0.841471087502408   0.000000295493890   0.000000122041655   
938       0.540302146552257   0.841471087283421   0.000000294864340   0.000000121781411   
939       0.540302146891321   0.841471087065139   0.000000294236794   0.000000121522006   
940       0.540302147229303   0.841471086847551   0.000000293611253   0.000000121263426   
941       0.540302147566209   0.841471086630659   0.000000292987702   0.000000121005672   
942       0.540302147902042   0.841471086414454   0.000000292366136   0.000000120748735   
943       0.540302148236807   0.841471086198939   0.000000291746548   0.000000120492619   
944       0.540302148570509   0.841471085984107   0.000000291128928   0.000000120237313   
945       0.540302148903152   0.841471085769960   0.000000290513266   0.000000119982822   
946       0.540302149234744   0.841471085556492   0.000000289899551   0.000000119729137   
947       0.540302149565284   0.841471085343698   0.000000289287783   0.000000119476254   
948       0.540302149894778   0.841471085131580   0.000000288677950   0.000000119224174   
949       0.540302150223233   0.841471084920130   0.000000288070039   0.000000118972888   
950       0.540302150550651   0.841471084709349   0.000000287464049   0.000000118722397   
951       0.540302150877038   0.841471084499236   0.000000286859967   0.000000118472700   
952       0.540302151202394   0.841471084289779   0.000000286257793   0.000000118223782   
953       0.540302151526732   0.841471084080986   0.000000285657504   0.000000117975654   
954       0.540302151850046   0.841471083872848   0.000000285059108   0.000000117728303   
955       0.540302152172347   0.841471083665365   0.000000284462589   0.000000117481732   
956       0.540302152493638   0.841471083458532   0.000000283867939   0.000000117235932   
957       0.540302152813920   0.841471083252348   0.000000283275155   0.000000116990904   
958       0.540302153133202   0.841471083046809   0.000000282684223   0.000000116746643   
959       0.540302153451484   0.841471082841914   0.000000282095143   0.000000116503147   
960       0.540302153768775   0.841471082637660   0.000000281507895   0.000000116260412   
961       0.540302154085075   0.841471082434042   0.000000280922483   0.000000116018433   
962       0.540302154400389   0.841471082231058   0.000000280338893   0.000000115777208   
963       0.540302154714722   0.841471082028709   0.000000279757121   0.000000115536738   
964       0.540302155028076   0.841471081826989   0.000000279177161   0.000000115297015   
965       0.540302155340458   0.841471081625896   0.000000278598999   0.000000115058037   
966       0.540302155651869   0.841471081425429   0.000000278022635   0.000000114819802   
967       0.540302155962316   0.841471081225581   0.000000277448054   0.000000114582304   
968       0.540302156271805   0.841471081026356   0.000000276875248   0.000000114345546   
969       0.540302156580332   0.841471080827744   0.000000276304221   0.000000114109517   
970       0.540302156887908   0.841471080629747   0.000000275734954   0.000000113874219   
971       0.540302157194532   0.841471080432365   0.000000275167451   0.000000113639650   
972       0.540302157500212   0.841471080235590   0.000000274601692   0.000000113405803   
973       0.540302157804949   0.841471080039422   0.000000274037681   0.000000113172678   
974       0.540302158108750   0.841471079843857   0.000000273475402   0.000000112940271   
975       0.540302158411617   0.841471079648896   0.000000272914851   0.000000112708579   
976       0.540302158713552   0.841471079454533   0.000000272356023   0.000000112477600   
977       0.540302159014560   0.841471079260768   0.000000271798914   0.000000112247331   
978       0.540302159314647   0.841471079067596   0.000000271243508   0.000000112017765   
979       0.540302159613814   0.841471078875016   0.000000270689804   0.000000111788905   
980       0.540302159912067   0.841471078683026   0.000000270137794   0.000000111560744   
981       0.540302160209408   0.841471078491625   0.000000269587470   0.000000111333284   
982       0.540302160505842   0.841471078300806   0.000000269038826   0.000000111106517   
983       0.540302160801372   0.841471078110571   0.000000268491854   0.000000110880441   
984       0.540302161096000   0.841471077920914   0.000000267946552   0.000000110655054   
985       0.540302161389734   0.841471077731837   0.000000267402905   0.000000110430357   
986       0.540302161682572   0.841471077543335   0.000000266860915   0.000000110206341   
987       0.540302161974523   0.841471077355406   0.000000266320568   0.000000109983007   
988       0.540302162265587   0.841471077168044   0.000000265781861   0.000000109760348   
989       0.540302162555768   0.841471076981256   0.000000265244789   0.000000109538369   
990       0.540302162845070   0.841471076795031   0.000000264709345   0.000000109317060   
991       0.540302163133500   0.841471076609372   0.000000264175516   0.000000109096424   
992       0.540302163421059   0.841471076424273   0.000000263643296   0.000000108876453   
993       0.540302163707745   0.841471076239733   0.000000263112692   0.000000108657147   
994       0.540302163993569   0.841471076055751   0.000000262583686   0.000000108438504   
995       0.540302164278530   0.841471075872322   0.000000262056275   0.000000108220517   
996       0.540302164562637   0.841471075689448   0.000000261530446   0.000000108003191   
997       0.540302164845888   0.841471075507122   0.000000261006201   0.000000107786516   
998       0.540302165128288   0.841471075325345   0.000000260483530   0.000000107570493   
999       0.540302165409839   0.841471075144114   0.000000259962430   0.000000107355118   
1000      0.540302165690548   0.841471074963425   0.000000259442891   0.000000107140389   
