Intervals           Result V            Result X            Analytic Error V    Analytic Error X    Width               
1                   0.500000000000000   1.000000000000000   0.074592141159537   0.188395105778121   1.000000000000000   
3                   0.527606310013717   0.854938271604938   0.023497948678977   0.016004457717715   0.316227766016838   
10                  0.538970697569426   0.842472916649789   0.002464561569054   0.001190690897228   0.100000000000000   
31                  0.540158673073425   0.841568178898069   0.000265837834033   0.000115504981072   0.031622776601684   
100                 0.540288349233479   0.841480094644308   0.000025831158796   0.000010826085006   0.010000000000000   
316                 0.540300903537871   0.841471889939861   0.000002595454902   0.000001075654396   0.003162277660168   
1000                0.540302165690548   0.841471074963425   0.000000259442891   0.000000107140389   0.001000000000000   
3162                0.540302291843296   0.841470993817843   0.000000025957401   0.000000010707376   0.000316227766017   
10000               0.540302304465758   0.841470985708507   0.000000002595549   0.000000001070282   0.000100000000000   
31622               0.540302305727886   0.841470984897955   0.000000000259584   0.000000000107025   0.000031622776602   
100000              0.540302305854098   0.841470984816907   0.000000000025988   0.000000000010708   0.000010000000000   
316227              0.540302305866723   0.841470984808790   0.000000000002622   0.000000000001061   0.000003162277660   
1000000             0.540302305867981   0.841470984808007   0.000000000000294   0.000000000000131   0.000001000000000   
3162277             0.540302305868078   0.841470984807852   0.000000000000114   0.000000000000053   0.000000316227766   
10000000            0.540302305868040   0.841470984807867   0.000000000000185   0.000000000000035   0.000000100000000   
31622776            0.540302305868352   0.841470984807983   0.000000000000393   0.000000000000102   0.000000031622777   
100000000           0.540302305868286   0.841470984807759   0.000000000000271   0.000000000000164   0.000000010000000   
316227766           0.540302305868026   0.841470984807943   0.000000000000211   0.000000000000056   0.000000003162278   
1000000000          0.540302305868139   0.841470984807913   0.000000000000002   0.000000000000019   0.000000001000000   
