LogInterval LogResult
0           -0.363252081047072
0.5         -0.363252081047072
1           -1.140547081101705
1.5         -1.140547081101705
2           -1.047067174081164
2.5         -1.047067174081164
3           -1.047255586067519
3.5         -1.047255586067519
4           -1.047376645591563
4.5         -1.047376645591563
5           -1.047269407056757
5.5         -1.047269407056757
6           -1.047257489652799
6.5         -1.047257489652799
7           -1.047257609062919
7.5         -1.047257609062919
8           -1.047257487615437
8.5         -1.047257487615437
