LogInterval    LogError
0.0            -0.132957565420628      0.108880030784568
0.5            -1.033939279422966      0.507283610955190
1.0            -2.074899630667180      0.736122777222302
1.5            -3.057211152257273      0.878043939013117
2.0            -4.074444651000519      0.988186266630275
2.5            -5.073814692766632      1.074572255007568
3.0            -6.074440114117298      1.146676439528970
3.5            -7.074363814613938      1.208456222679201
4.0            -8.074440190343360      1.262539931294186
4.5            -9.074417175954306      1.310623685422222
5.0            -10.074461329333987     1.353913219774803
5.5            -11.075037574393914     1.393296206359047
6.0            -12.061745448326088     1.428922405625368
6.5            -13.077636783289202     1.462783146270453
7.0            -12.966028225087058     1.459189611521125
7.5            -15.021502121317083     1.521026692808672
8.0            -13.946868503020179     1.489797054713049
8.5            -12.782515647235741     1.453215520785030
