LogInterval LogResult
0           -0.989052304583072
0.5         -1.046617737581516
1           -1.164255393232990
1.5         -1.085558847252565
2           -1.047257489153914
2.5         -1.047257489651001
3           -1.047257489655992
3.5         -1.047257489655995
4           -1.047376664632351
4.5         -1.047295177239479
5           -1.047269407247119
5.5         -1.047257489649082
6           -1.047257489654702
6.5         -1.047257866532299
7           -1.047257609062938
7.5         -1.047257527385190
8           -1.047257487615437
8.5         -1.047257489101734
