Intervals Result
1         0.1230600248
2         0.3710898881
3         0.4234744696
4         0.4422236962
5         0.4509716043
6         0.4879382153
7         0.4871753949
8         0.4604972262
9         0.4617825902
10        0.4839669538
11        0.4633835222
12        0.4639016214
13        0.4812223287
14        0.4804607440
15        0.4797666229
16        0.4650946459
17        0.4652698605
18        0.4654167047
19        0.4775349646
20        0.4656471058
21        0.4657384328
22        0.4762854874
23        0.4759284512
24        0.4755962258
25        0.4660007665
26        0.4749968327
27        0.4747256632
28        0.4744712278
29        0.4742320552
30        0.4740068375
31        0.4737944086
32        0.4662457896
33        0.4734038550
34        0.4662896188
35        0.4663087707
36        0.4663263490
37        0.4727368935
38        0.4725900166
39        0.4663712147
40        0.4663839748
